-0.401508	-0.162620	-0.618164	-0.353606	0.352030	-0.140026	0.420722	-0.540298	0.633863
-0.109848	-0.102792	0.128482	0.120212	-0.158205	-0.250142	-0.175516	-0.054712	0.151588
-4.395098	-3.098140	-8.175385	-8.626132	-0.371239	0.399195	-7.548976	-2.901359	1.820745
-4.137782	1.666088	3.071330	2.384557	1.610479	1.972190	3.230352	1.273395	2.326991
-1.658923	0.223095	-0.601367	-0.281532	-0.408257	-0.483842	-0.240257	-0.803585	0.688640
-2.182288	0.675761	0.560225	0.453919	-2.062067	-1.515508	-2.104359	-9.221820	1.081119
-0.801615	-0.463521	-0.187326	-0.915135	-2.738429	-0.618788	-0.937887	0.222815	0.408521
-0.097549	-0.650081	-1.839310	-1.726896	-1.180378	-1.983372	-1.863312	1.085548	0.799255
-0.974760	-3.431636	-0.344644	-0.428722	-0.064220	-0.217622	-2.362623	0.832233	0.149004
-0.098686	-1.284747	-0.526095	-0.469127	-0.548676	-1.202773	-0.944703	-0.647071	0.536581
-0.097957	0.029276	-0.154591	-0.064783	0.251574	0.016701	-0.141874	0.115609	0.070813
-0.190113	-0.206182	0.163284	0.605638	-1.060087	1.488422	-0.853131	1.333972	2.093834
-0.258693	-0.082223	0.253044	0.334788	-0.057590	1.159177	0.380252	0.155641	0.341619
-1.889750	-0.745476	0.852049	1.010581	1.070603	-2.795276	-0.078654	-0.261142	2.848508
-2.107956	1.451185	1.056694	0.494912	-1.368437	-0.859265	-1.042164	-1.887801	1.775884
-0.625123	-0.278829	-0.336839	-0.483484	1.076559	-0.306635	0.137339	-1.267581	0.453786
-4.475525	-0.951760	-5.928946	-4.777235	4.790635	-3.088763	-3.061226	4.768713	5.442038
-0.655629	6.768024	2.679809	2.626130	2.701064	6.061568	1.222318	1.953062	1.743616
-0.651771	-11.486440	-6.971840	-5.377022	4.801036	-6.149308	-6.100070	2.443651	4.192125
-0.269290	0.030829	-4.615227	-3.636386	1.264073	2.040006	-0.161859	-0.095394	1.101178
-0.796849	-0.888141	-0.133904	-0.242005	-0.873982	-0.182753	-0.511514	-0.237128	0.372141
-0.757442	1.698235	3.200391	2.884677	7.239139	5.002905	5.432905	0.339221	4.050242
-0.206958	0.085295	-0.064986	-0.673998	0.045922	-0.992126	-7.622315	-8.077274	2.730994
-1.659065	0.661881	0.419411	0.150670	-1.727063	-4.347839	-2.107980	-3.175858	0.814059
-0.527536	-0.558496	-1.221099	-1.120261	-0.027384	0.115023	-0.395892	-0.702387	0.749071
-1.356918	-0.018446	0.172395	0.360389	-0.289147	0.808851	0.193848	0.807445	0.630328
-0.589018	-0.479679	-0.011715	-0.473561	0.099695	0.606983	0.081457	1.357946	0.691835
-3.320712	-1.074653	-1.453840	-1.630656	-0.447852	-5.236048	-1.550914	-5.218016	0.402285
-0.309023	-1.680480	-0.038653	-0.175145	-1.790198	-1.565650	-1.952473	-0.257577	1.240841
-0.817752	-2.355618	-2.137889	-2.140425	0.182235	-4.264188	-1.673157	-1.601567	0.033299
-0.713687	0.755110	-0.312744	0.860352	-2.605461	1.933204	1.718507	-0.799267	2.403334
-2.242267	-2.967266	0.280015	-1.399470	-6.430419	-0.335104	-4.031508	0.689217	2.388208
-1.337651	0.001904	1.782001	1.153352	-1.275196	1.275131	-1.454118	0.385457	2.529494
-0.925131	-1.102485	-1.093817	-1.289471	-0.383102	-0.038684	-4.113159	-3.105964	0.377311
-0.452499	-0.172419	-0.408268	-0.444582	-0.106006	-0.110754	0.427524	-1.446417	0.316717
-2.666735	-0.776736	-3.894212	-6.179602	0.753933	-0.599446	0.454611	-1.302123	1.730346
-1.218677	-0.244050	0.710709	1.045815	-0.347147	0.813130	0.110731	0.326288	0.574085
-0.724329	-0.464860	-1.430700	-0.893819	-0.507690	-0.434321	-8.509607	-0.643611	0.560514
-1.490778	-0.889867	-2.557763	-2.682184	-1.559200	-0.086921	-0.425492	-1.522097	0.605413
-0.582792	0.791269	1.312085	1.260745	1.015172	1.873998	1.350160	1.939167	1.328183
-7.666873	2.529096	5.116092	4.606658	1.402575	3.488578	4.758277	4.002381	3.288528
-4.027543	-3.254826	-2.812292	-3.176172	0.812587	2.556967	-0.077966	-2.030976	1.720664
-3.487807	-4.236920	-1.255359	-7.936170	-3.623656	-1.529676	-1.901791	-1.394852	1.648743
-1.545008	-0.337843	-0.856434	-0.880614	-0.193463	0.425822	-0.618382	0.184160	0.776550
-2.496696	-1.576613	-0.551735	-0.019645	-2.225226	1.449023	0.513354	0.954618	4.033659
-0.660194	2.653425	1.624886	0.997032	-0.645451	-0.048067	-0.130724	0.224206	4.982576
-1.345215	0.030009	-0.780786	-0.831160	-3.897387	-1.257752	-3.057816	-9.890687	1.553222
-2.461290	0.343668	-0.527403	0.388975	2.016830	3.125996	-0.434634	2.480156	3.813126
-14.448378	-10.132076	-1.290618	-1.370570	-1.834455	2.010737	-8.342796	2.938514	5.756968
-3.775692	0.010819	-2.300456	-1.775577	-0.096144	0.493706	-0.601553	-0.133557	0.277871
-5.236436	-1.435710	-3.335771	-3.019105	-2.709297	-1.884256	-3.545333	0.676650	1.255371
-1.515445	0.294524	-0.252567	-0.243887	-0.516819	-0.132792	-0.432974	-1.745033	0.692176
-1.830361	0.836729	0.890858	1.020106	0.508882	1.313762	0.782859	0.288055	0.914476
-1.780377	-0.641371	-1.390139	-1.310680	1.572742	-1.634006	0.905147	-0.640666	0.924462
-2.511311	-0.559310	-0.091055	-0.687435	-0.801796	-1.001734	-2.140722	-0.268906	2.196123
-5.464655	-3.852221	-5.861775	-5.610131	2.012909	-15.925991	-1.469486	5.267652	4.127635
-6.832798	3.987646	3.519836	4.031819	5.636950	-1.537999	3.703073	3.311794	5.368520
-0.091424	0.189596	-0.162647	-0.002703	1.739731	0.123391	1.093982	-1.338814	0.674468
-0.459841	-9.294248	-1.173458	-1.305200	-4.592937	1.326206	0.721805	-7.702628	1.691020
-0.466052	0.541141	-0.173587	-0.322076	0.091361	-1.572610	-0.030425	-0.878137	0.877860
-1.321651	4.362945	3.220407	2.663737	-0.470632	1.349659	2.320327	1.365420	2.363050
-1.661618	-0.766624	-1.559508	-0.950285	-0.671138	-1.453452	-3.885051	1.417047	1.502876
-0.690251	-0.872361	-0.642442	-0.377922	-0.547331	0.529680	0.007713	-0.072658	0.443638
-1.257549	5.307256	-19.715530	-17.316268	7.251213	-41.480319	-1.285685	-1.046050	2.473892
-1.262374	-3.663105	-2.425470	-5.954888	-6.289920	-12.014101	-3.726036	-11.404015	2.548339
-1.100857	0.395403	-1.450243	-0.927540	0.834531	-0.755669	-0.659041	-2.027942	1.510241
-1.121626	0.159752	-0.306409	-0.356178	0.943048	-0.109102	-1.718039	-0.566208	0.248285
-0.515912	-0.432405	0.339596	0.204021	-0.955040	0.184831	-0.165466	0.329866	0.422973
-0.866450	0.507944	-0.220886	0.230917	-1.077133	2.416223	0.290006	-4.931049	1.113940
-0.977422	-0.252794	-0.189824	-0.038371	0.040341	-1.221075	0.095179	-0.205389	0.475500
-0.791079	-0.238379	-2.179966	-1.095670	-0.711648	-0.477757	-0.749731	-0.938557	1.310165
-0.481671	-0.705161	0.302597	0.579322	-1.057547	-8.991686	-1.517549	-0.343518	0.976389
-1.109833	-0.203192	0.217360	0.453519	1.455970	-1.964146	-0.167875	0.966966	0.374391
-2.046556	3.432757	-2.256854	-2.338756	2.996183	0.268329	-4.587147	-5.310588	2.015721
-2.191444	1.110056	-1.115451	0.008726	-0.533578	0.930022	-1.574011	-0.168970	3.260760
-0.419668	-0.680445	0.648636	0.542934	1.235881	0.072231	-0.043862	0.758952	0.989922
-0.290269	0.367347	-0.877430	-1.188632	-1.338185	-2.112405	-1.681310	-1.183644	0.621010
-0.103820	-0.040873	-0.235252	-0.205858	-0.174725	-0.044545	0.060058	0.149854	0.081372
0.207974	-0.136284	0.012021	-0.165781	0.092330	-0.376614	-0.164990	0.240083	0.550401
0.009681	-0.133987	0.056210	-0.060432	0.289145	0.214006	0.077040	-0.525532	0.409426
-0.986901	-0.216603	-0.785425	-0.025037	-0.309248	-1.773726	-2.808461	0.064413	1.052973
0.014203	0.070050	0.015567	0.175207	-0.104601	1.340401	0.907693	0.467065	0.218487
0.008065	-0.873112	-0.326138	-0.324445	-0.802115	-0.940970	-0.949973	-0.177217	0.267004
-0.344623	-2.113507	-3.725418	-3.132426	-0.515663	-5.679053	-3.026670	-6.371706	0.725196
0.035029	1.011507	-0.031804	-0.014405	1.147886	1.329146	0.303664	0.388768	0.750707
-0.169924	1.115821	-0.164547	0.381866	0.863320	2.704534	3.293530	2.670622	1.630175
-0.007587	-0.158757	-0.115736	-0.082370	-0.673389	-0.187053	0.042584	-0.021950	0.185750
-0.155554	0.060218	-0.015372	-0.328265	-0.666272	1.592777	0.298590	-0.349506	0.583579
0.056450	-1.872920	-6.226888	-5.596187	-1.405394	-6.236235	-0.886217	-4.390575	0.573578
-0.143640	-2.000517	-1.692392	-1.369320	2.034811	-1.051874	-0.932089	-2.870984	0.376318
-0.790751	-0.207409	-1.611485	-2.063187	-0.227490	-5.700222	-2.768902	-0.505528	0.358422
-2.231521	-0.601025	0.103419	-0.200327	1.248989	-0.433963	0.965856	0.551153	0.997023
-1.392219	2.208894	-1.575117	-1.111157	-4.378378	0.644775	-1.370557	2.066735	1.527354
-0.484594	-4.219984	0.696771	-0.369739	-0.008221	0.971579	-0.978372	1.484070	3.135136
-0.098424	1.363764	-1.095935	-1.243263	-2.106199	2.451039	-1.339430	-2.615636	1.678654
0.175811	-0.014229	-0.009394	-0.071117	-0.131441	-0.296730	-0.090310	-0.233626	0.060854
0.121832	0.090022	0.196488	0.204201	0.369518	-0.443317	-0.131854	3.475775	0.280492
-0.179390	-0.409784	0.014537	-0.573476	-0.830331	0.347452	-0.318811	-0.601291	0.224560
-0.223134	-0.172175	0.619267	0.258224	-0.278395	1.692759	-2.257451	0.020671	0.761351
0.005881	-0.237566	-1.352453	-0.946837	0.673015	0.035717	0.396837	-0.393834	0.330392
-0.166066	0.229564	-0.026351	-0.014068	-0.753891	-0.584862	0.215578	-0.672190	0.169634
-0.090549	0.690465	0.535064	0.722659	-0.063770	1.022534	1.106311	-0.475876	0.395856
0.199722	-0.405933	-2.631352	-2.149225	0.056764	0.234994	-1.451132	1.011776	0.397087
-1.510739	1.185903	2.150229	1.918295	-3.839946	2.233397	0.721895	1.281909	1.478042
-0.568541	0.796901	1.000513	1.116834	1.207878	0.587326	0.587053	2.670987	2.796246
-0.043736	-0.097166	-0.401608	-0.309603	-0.453251	-0.139636	0.093238	-0.783143	0.277190
0.155455	-1.461885	-0.519937	-1.031224	-1.584803	-1.351597	-0.428882	1.536137	0.806917
-0.502668	-0.108117	0.265871	0.310836	0.058410	0.260802	0.208639	-0.078698	0.663930
-0.501830	-0.233468	-0.018626	-0.366767	-0.371222	0.581582	0.127446	0.044373	0.803034
-2.563831	-0.089354	-0.151768	-0.330766	-2.958674	1.945735	-4.220657	-2.096889	0.962846
0.050602	-0.051099	0.064176	0.042354	0.011242	0.134972	0.220494	0.023154	0.032932
0.220945	0.159043	-0.040343	-0.051100	0.648592	0.278788	0.694316	-0.917288	0.617760
-0.807657	-0.506094	0.446219	0.562743	-1.875362	1.472926	-0.856963	-0.838071	1.056031
-0.416882	1.668872	2.418200	2.203794	0.457072	2.027618	-0.486602	2.291398	3.054753
-1.135039	-0.642517	0.799724	0.820597	0.326620	2.075472	-1.438472	0.408297	1.512508
-0.354286	0.006029	0.014352	-0.004029	-0.013706	-0.891338	-0.229363	-0.100245	0.110305
-0.296157	-9.660703	-17.601101	-16.017651	-14.314225	-19.297108	-31.034079	-7.327925	4.998470
-1.039334	-6.018968	-4.934363	-6.375340	-12.559224	-7.826485	-4.189353	-3.165974	1.160845
-0.786720	-0.568048	-0.265053	-0.333492	-4.910824	-0.453909	-0.277241	0.036442	0.338002
-0.263728	-0.244794	2.030104	2.347620	1.165617	1.618238	0.375433	-2.134336	1.566789
-0.169806	-0.090261	0.020648	0.044892	0.107853	-0.094054	-0.006491	0.325583	0.136829
-0.224673	0.780055	0.686820	0.641047	1.216834	0.538277	0.581525	0.188254	0.883444
0.079229	-0.021996	-0.255097	-0.108235	0.220463	0.662559	0.474188	-3.422229	0.317870
0.384552	-0.140450	0.064655	0.018949	-0.367007	-0.144256	-1.095954	0.071583	0.257499
0.282530	-0.061099	0.056012	0.171482	-0.237358	-0.304161	0.338149	-0.229506	0.452354
-0.527207	0.093231	0.660301	0.869670	1.871599	-0.993436	1.380811	-0.000519	1.114707
-1.729541	0.822459	0.643920	0.631759	-5.706698	-1.060249	0.765521	1.156226	1.243955
-1.998236	-0.538201	0.154582	0.231624	-1.617098	0.734328	-0.116509	-0.430942	1.768462
-1.858693	0.309351	0.227927	-0.386670	0.396548	0.349909	0.223260	-0.030326	0.685182
-0.410470	-0.747247	-1.076188	-0.858310	-0.258639	-0.062193	-0.834631	-0.041223	0.415057
0.032854	-0.329531	0.057984	-0.081481	0.449579	-1.124609	-1.078491	0.304370	0.445656
0.051618	0.365543	-0.029043	0.084393	0.748285	-0.003320	0.283328	0.204793	0.335046
-0.340973	0.131325	0.413397	0.460687	-3.458299	0.643305	0.211797	0.631194	0.572195
-0.446256	-0.016193	-0.137350	-1.110122	0.360385	0.738207	-4.004240	-1.523449	0.545213
-0.418124	-0.282536	-0.181720	-0.198185	-0.091900	0.106195	0.058791	0.177412	0.454775
-0.692796	3.832183	2.607186	1.970767	-25.723526	3.148545	0.454963	3.483014	6.403846
-0.489204	-0.067441	-0.194214	-0.198414	-1.524522	0.104271	0.226950	-0.303134	0.345288
0.135316	0.720855	0.866505	0.504650	-0.749215	0.622590	1.108393	-0.550708	0.955800
0.369615	0.104694	-0.071425	0.123672	-0.828239	0.454116	-0.484409	0.064059	1.156924
-1.582624	-2.640480	-0.766216	-0.759002	0.814543	0.701687	-0.240465	-1.518340	1.443490
-1.232319	0.243533	-1.547767	-3.551057	1.067891	-6.138105	-0.242317	-1.394442	1.182050
-0.543550	-1.247765	-2.006088	-1.469112	-0.273596	-0.743261	-0.658952	-1.525674	1.211525
-1.269405	-1.582440	0.233384	0.558904	-0.193859	0.664653	0.926012	0.867044	1.270890
-0.111969	-0.395364	0.307776	1.157175	-3.462464	2.108906	-1.354539	1.646676	2.348909
-0.664184	-0.687206	-7.914760	-6.717772	0.612464	-1.657211	0.011162	-1.602514	0.649750
-0.353858	-1.098417	0.375714	0.938296	2.461161	-4.795551	-0.473672	-0.738457	2.096361
0.263851	0.360450	0.745376	0.640923	-0.449312	-0.107454	-0.681419	0.163092	0.355202
0.521113	0.368128	1.082459	0.958730	-1.625929	-2.695779	0.375216	1.775152	1.584186
-0.027564	0.283688	-1.601940	-1.511724	-0.413160	-1.432207	-0.613475	1.034618	1.061209
-0.239121	0.211799	0.048519	0.086520	-0.258583	0.461448	0.041385	0.688856	0.150032
-0.311699	-0.498499	0.184303	0.325634	0.565905	0.029179	0.006914	0.025835	0.176617
-0.290939	0.310588	-1.655423	-1.026553	0.480314	0.377552	-1.499893	0.542534	0.916309
0.093171	0.020275	-0.417350	-0.246759	-0.274100	-2.156905	0.068356	-0.676615	0.347824
-0.017296	0.071897	-0.081943	-0.038811	0.441318	0.440826	0.285631	-0.968449	0.174954
-2.695431	0.725232	-0.830046	-0.726644	-11.355992	-1.853838	-0.347827	-0.092671	0.574290
-1.324691	2.021184	1.767919	2.061216	-0.964360	0.651035	0.286439	-0.161396	2.130119
2.057603	1.181877	0.997885	0.871071	3.581598	0.713712	0.462428	0.604457	0.754690
1.894228	-7.641864	-1.362862	-1.211907	-4.468950	-4.433884	0.785096	-0.802801	1.302934
2.050259	3.279789	1.287156	1.364404	1.231251	-0.776922	2.373887	0.813878	2.132207
0.859757	-0.837061	0.049489	-0.378241	-0.223869	-3.155635	-2.342264	-0.145706	0.278660
1.212059	0.830829	3.919761	4.069422	1.025002	1.626983	-13.117929	1.280352	5.029228
0.698229	0.216562	-0.067708	-0.705642	-0.218349	-3.267819	-2.258438	-0.489179	0.954284
1.292474	0.988696	-0.067799	-0.068481	-1.579594	1.530177	-0.355675	2.043841	0.940967
2.121869	0.691376	0.982757	1.129981	-0.617447	-1.857488	0.506035	1.844244	0.982017
0.995822	2.158700	1.326672	1.774766	2.132632	2.104277	1.172704	1.372641	1.963516
1.237723	0.460621	3.209617	2.339931	-0.279907	0.761368	3.287117	1.340560	0.805581
2.032919	1.632334	1.590078	1.724280	2.060857	2.018734	2.015958	3.297073	1.221003
2.055391	-1.003065	0.342832	0.429241	0.302536	-2.901645	-1.303211	0.289004	0.796734
2.245732	2.963550	3.227304	3.763721	-12.717476	8.193254	3.284573	-3.722336	5.551391
1.401408	3.086282	1.579579	0.909703	-2.460844	4.857092	0.839538	1.640646	3.442918
2.425923	-3.062984	1.805414	1.516626	-0.303219	0.097199	-0.638503	1.141216	1.694066
2.316909	-1.100185	2.811360	1.567448	-3.673551	3.511629	0.369058	4.424838	2.406391
2.363835	2.137920	8.557584	8.217217	5.027109	-2.128225	4.676464	-0.702605	8.704156
1.941668	0.247724	1.171355	0.906005	0.938075	0.928526	0.991571	-1.515659	0.962009
2.215161	-0.109954	-35.174770	-28.614018	-2.181647	0.792117	0.963141	0.682725	2.715772
2.552081	2.074419	1.445244	1.505833	-1.581706	1.471676	0.863141	1.236091	1.343094
3.234352	-0.769618	0.335410	0.121106	0.539565	-0.023860	0.951455	1.543903	0.522053
3.818812	1.316864	2.367821	2.353079	0.433988	1.478235	-0.442254	1.066085	1.459254
0.284207	0.842267	0.361297	0.498982	0.218765	0.052171	0.627264	-0.229690	0.974625
0.501215	-0.054663	0.559721	1.007020	0.649822	0.764961	0.654238	0.456620	0.941387
1.398586	-0.191684	0.448651	0.570855	2.259987	-2.304981	-0.000983	-0.172938	1.903534
1.253232	2.684351	2.879549	3.107167	2.631197	3.503400	3.092587	2.874546	2.585909
0.799062	1.827301	-3.285664	-2.971879	1.756937	-3.824640	-0.390078	4.636478	1.600938
0.943546	-1.717673	-0.195742	1.698569	3.246706	-0.430656	2.381998	0.476216	3.780188
1.007964	-1.256574	0.485678	0.041161	0.627628	-0.799719	0.504508	-0.137224	0.329296
1.003303	-0.503763	0.120587	0.240784	0.977708	0.496567	0.776779	0.170072	0.932518
0.988058	-1.120604	-0.278477	-0.104298	-0.937394	3.551187	-0.750068	-1.009142	0.819106
0.844787	1.043567	1.261791	1.627959	1.768016	2.777657	0.131667	0.679298	1.147529
1.823766	-4.678908	0.200405	-6.729191	2.176981	-0.743339	0.777689	-3.255489	3.081206
2.708555	8.639216	6.783068	5.965859	4.276538	1.947133	2.043943	9.664545	6.942323
1.139694	1.315017	-0.437366	0.026690	2.105112	-2.541355	-2.131507	0.211032	1.174448
1.240820	-0.229973	-0.049327	0.005142	-0.048283	0.580539	0.326482	0.145244	0.160753
2.027422	0.039032	-0.463063	-0.280141	-3.288475	-1.289950	-1.138849	0.572187	1.011713
2.552091	0.945914	-1.892683	-1.684563	2.280062	-2.860170	-2.782170	4.794278	2.606381
2.582990	-1.464192	-0.125607	-0.078016	-3.694625	-0.565964	1.149192	-0.665680	0.657421
2.003563	0.904385	-0.283491	-0.075517	-0.112008	1.603435	0.844315	0.763769	0.708014
2.026229	-1.547511	0.583737	0.501979	-0.069280	-1.689570	-0.255189	-0.155314	0.798606
3.919796	1.080267	0.990823	1.077577	1.238901	0.997134	1.280409	1.689851	0.768413
2.882491	2.216304	-0.404965	-0.691530	-1.701599	2.964707	-3.188687	-5.569264	2.774148
3.888468	0.532483	2.486484	2.676810	-0.809283	2.293838	2.712554	0.813541	2.485581
4.371264	3.139464	4.067910	2.928445	3.835788	3.679259	4.632562	-12.900149	3.277191
4.135297	1.840405	2.218015	1.974743	1.688635	1.046993	3.104608	2.165863	2.149478
2.926090	-0.166610	0.634657	1.255204	1.271559	2.277147	0.630101	1.218264	1.018898
3.296953	-0.329953	4.004241	3.483493	-0.075521	0.027187	-0.771660	3.096836	2.604155
3.037931	-6.393807	1.032650	1.605167	-21.523014	24.300483	-9.653268	1.760971	4.764159
3.430370	-0.061805	1.858381	1.260806	1.268335	-0.314321	1.828232	0.139852	2.327748
2.762619	0.005244	0.650936	0.796108	-8.028508	1.501874	-1.051979	0.771269	0.782216
1.299624	-0.037616	-0.212371	-0.176720	-0.048210	0.871640	-1.626553	-0.501508	0.732350
2.114377	2.535643	1.936575	1.675427	-0.262659	0.423454	0.277664	0.650484	0.961265
3.861956	2.297844	4.536766	5.206969	0.488108	0.317140	4.121954	0.633721	3.382752
4.451147	0.521597	3.164449	2.657741	-1.608634	0.940905	3.729587	3.462018	3.540928
5.117262	-3.128300	-3.143511	1.274429	4.633111	0.372002	-12.079968	2.726881	4.235834
5.361830	2.078788	2.777429	2.863317	4.153554	2.606596	1.973541	-3.074747	1.260852
5.838100	2.080247	-0.430507	1.977509	9.267955	7.139739	10.314142	3.922119	6.250413
6.361087	-1.376514	-4.337494	-2.593961	5.902398	3.317361	-0.858088	-0.815970	2.144570
12.275723	9.868541	9.157421	9.308505	21.626042	1.152146	9.942087	15.302960	15.812492
1.232437	0.462437	1.662629	1.916651	0.230525	-0.911843	0.180867	0.299090	1.757092
-0.256710	-0.024728	-0.411570	-0.384107	0.660460	-0.059298	-0.036214	0.216925	0.137797
3.872100	1.333859	2.706794	2.187871	-1.548271	-1.312167	-3.093596	2.656307	1.612402
4.819280	4.721151	8.064169	7.767067	-1.239859	3.367397	4.816324	2.985415	2.830222
3.560810	1.868957	2.531165	2.972483	-0.027032	4.057843	3.054390	3.472535	1.512073
1.977144	0.128693	0.764926	0.817582	0.880795	1.699905	1.214610	-3.632002	0.883438
4.852450	2.818792	1.584346	2.440939	2.064325	3.083988	4.542188	5.966093	4.805790
5.222463	0.114682	1.202184	0.772333	0.029938	1.057008	2.957023	1.097569	2.981030
4.647161	-10.891867	1.493362	0.917566	0.516117	-0.798920	0.422479	-2.052019	0.854397
2.285490	-4.105239	0.320374	-0.587229	0.051023	0.028665	-0.515240	-6.356104	3.067703
2.366500	-1.602198	-0.263057	0.349761	-4.122892	-1.290311	-1.912806	1.464591	2.634093
1.615672	-1.880499	1.140422	1.511692	-0.553882	-4.218468	2.730838	1.301732	6.699738
1.650631	0.990552	1.930691	1.694705	0.284194	-0.290690	-0.572514	0.482151	1.281260
0.223284	0.222963	0.234316	0.341162	-0.083391	0.790343	0.401463	-0.382154	0.433707
-0.755380	-1.270031	-1.309598	-1.778502	0.087737	-0.939257	-2.994999	-1.788014	0.493764
1.846596	-0.427700	0.397912	-0.157992	-1.281776	1.455897	0.428187	-3.006157	1.534669
1.754275	0.871822	1.535873	1.323829	0.700008	1.294443	2.514067	1.834727	1.238161
1.761892	0.206947	-1.317167	-1.019293	-2.464078	-8.951829	-5.118095	-1.515143	0.898489
0.359437	-0.551389	0.364430	0.280060	-1.108949	-0.700064	-0.431881	-0.316582	0.279017
diamide	dtt	heat	heat_all4	menadione	osmotic	sorbitol	starv	natvarcv
0.049092	0.306081	0.238329	0.170393	-0.229128	-2.008570	-0.006437	-0.500280	0.350432
1.807135	0.553796	1.924547	2.015047	1.732811	-1.356259	1.631588	2.011342	1.649504
4.328461	0.375795	6.810824	5.603980	-7.730459	4.689877	1.631651	7.533774	3.334086
0.850573	0.215771	0.104067	0.439405	-0.470740	1.268591	0.074945	-2.052095	0.628473
0.400266	0.110007	0.311156	0.185903	-13.698404	-0.727423	0.534017	-2.234591	0.881469
0.168550	-0.206602	-0.619444	-0.810502	0.158562	0.895537	-0.348535	-1.985143	0.396684
1.069050	-0.016675	0.116708	0.104329	0.005129	-0.455721	-0.918899	-0.617318	0.558418
0.858390	0.577859	1.301362	2.163274	1.226062	1.207642	0.283247	2.323054	0.712097
1.388340	-2.336491	-2.300635	-1.946838	-0.504203	-1.972737	0.156804	0.421486	1.276959
1.682753	1.332418	0.293008	0.308757	-1.096800	0.412722	0.411383	-0.168057	0.505744
-0.260033	-0.127878	0.153945	0.202977	-0.309328	0.128006	0.182838	0.267406	0.552801
1.993800	0.448466	0.601273	0.426443	0.779642	2.097531	0.980775	0.317577	0.514455
58.811341	31.241988	43.584137	41.641363	23.977017	33.861128	23.324347	31.749803	15.080100
22.676493	22.807203	24.812598	25.415378	38.196571	21.574743	33.512221	26.069857	35.391934
40.452801	50.772674	49.366712	46.882469	3.743124	17.249567	17.368397	63.026683	17.883005
3.339006	3.153540	1.724243	1.697388	-1.960361	1.989797	2.014454	1.794256	1.566275
19.549683	24.640443	23.995791	26.621355	31.549785	12.800303	32.952992	27.414484	30.712732
15.466249	4.049638	12.537311	12.004411	-3.870129	1.594857	8.859051	0.302543	1.269178
13.034431	7.322572	17.243116	17.071299	17.063962	15.253793	14.436055	7.920768	7.781696
15.734464	14.030459	19.198946	16.904944	-0.427568	7.399303	8.271672	7.843891	4.564000
15.308932	4.505248	3.136827	2.580022	-4.605242	-4.846180	0.411465	2.715041	2.440513
12.836025	8.354288	2.433791	2.605152	9.604619	0.946072	8.647145	1.170446	7.887626
6.726433	6.382423	4.471272	3.925560	3.595724	-5.419307	2.799107	4.081510	4.198462
7.176031	4.862229	10.275324	10.573808	3.769517	7.521762	10.628784	4.657679	7.708620
10.518475	17.936433	17.980321	18.043736	11.796245	21.298255	25.569653	14.489150	10.323999
3.559303	1.321393	3.231468	2.149253	10.328865	2.228592	7.569486	6.925217	4.770847
5.678155	8.180804	7.565419	9.603334	4.836167	17.340780	7.919777	8.223537	8.689277
0.078103	0.084249	0.056407	0.033166	-0.317825	-0.022415	-0.431621	0.063565	0.140958
33.106884	11.325889	7.245943	7.666309	14.130434	7.463853	8.029757	10.730489	6.784685
1.473727	3.369673	1.333778	1.878687	0.336801	2.097742	4.907574	2.866200	1.654262
9.267347	8.396845	12.848226	12.173492	3.960183	6.085671	14.618104	10.844219	9.993938
8.416574	1.546367	1.762394	0.488605	-3.120157	-0.213055	3.886375	0.209917	3.055059
8.229092	5.054788	7.732699	7.304539	7.296242	5.115133	6.887657	4.980217	3.020405
3.636392	-6.061407	-3.254148	-2.447560	2.079841	-0.335938	-11.092190	0.132948	2.253315
2.968315	-1.184423	-0.364867	-0.901601	-2.281202	0.507548	0.045768	-1.955583	1.106754
2.972186	-1.074863	-2.602953	-2.517781	-16.286081	1.463383	-0.891104	-3.888454	2.292204
3.435130	-0.010488	0.105663	0.337946	1.578042	1.805644	0.812675	1.796571	1.281495
5.995516	0.858852	-0.773631	0.252319	6.873989	-1.090611	-6.214677	0.209659	3.356094
3.380144	0.908240	-0.068728	-0.471939	-0.018425	-18.427980	0.139525	3.098650	0.652215
3.430581	1.118337	3.146162	1.228426	2.237858	3.529872	4.254225	1.599377	1.673142
5.464724	0.891639	2.144607	4.625953	3.658732	11.811261	10.697227	1.664837	7.661519
2.562028	1.352361	2.229081	2.046884	0.417763	0.732690	0.313739	-0.605260	1.413508
-0.025661	-0.052879	0.086438	0.151017	0.066350	-0.069146	-0.008784	-0.267543	0.046551
-0.024989	-0.591283	0.105864	0.154293	-0.236015	0.263379	0.216788	-0.676186	0.466288
-1.439409	-0.675276	-0.288496	-0.664782	0.155284	-1.764887	-0.931680	-0.000072	0.564458
-0.105943	-0.432123	-0.077083	-0.072910	-0.207220	-0.497169	-0.839423	-0.884484	0.213401
-0.188339	0.343211	0.460611	0.471069	-1.385536	1.957817	0.790603	-0.049651	0.238527
1.594575	0.027204	0.660553	0.611909	2.246843	0.484241	0.471800	-0.467584	0.502797
1.517442	2.969514	0.443530	1.840052	2.660721	4.726023	6.008753	1.772188	2.890076
2.560604	3.437362	3.544811	3.388412	2.907092	4.205561	1.799040	3.653865	3.557808
1.692134	3.448972	-1.651992	-1.291872	-1.495708	2.217649	-0.137961	0.149341	3.048004
-0.365408	-0.798132	-0.589869	-0.686206	-0.450239	-2.153859	-0.670413	-0.743579	0.444044
1.651693	2.335897	1.438074	-14.006178	1.564494	-6.162786	-1.945325	4.727604	4.850763
1.349461	1.211124	2.227524	-2.113490	-0.486930	0.814343	2.040018	2.796207	1.708988
0.437760	0.263242	-0.292912	-0.290805	-0.483917	-0.116331	-0.064472	0.121486	0.301175
0.487741	1.039194	-0.816658	-0.754502	1.790589	0.778864	0.845698	-0.586855	1.177270
0.463589	-1.106337	0.242111	0.282498	-0.217196	-0.354486	0.710892	-0.049510	2.022194
-0.755867	-0.280912	-0.594394	-0.633660	4.289405	1.590990	-0.043441	-0.918392	0.705432
0.404077	-0.350828	-0.178190	-0.156835	-2.019878	0.333411	-0.255104	-0.100847	0.393120
0.394405	-0.164508	-0.849256	-0.783686	-0.307874	-0.086887	0.105313	-0.641797	0.121909
1.257220	0.108726	-7.218926	-5.742720	-2.389185	1.729076	-7.727343	-0.115037	1.557086
2.011704	1.721406	2.179000	2.331850	-3.230210	2.575174	-1.389732	-2.320026	1.756525
1.309619	-1.017027	0.141570	-0.016159	-2.460458	-8.426658	-0.843042	-2.284007	1.665278
1.126010	0.543920	0.047014	1.238140	0.057693	-0.280398	-2.310577	-2.072658	1.078286
1.785855	-1.019244	-0.219992	-0.432018	0.959292	-3.927658	-2.322414	-1.130976	0.800050
0.110579	0.048900	0.096162	0.172777	-5.499232	0.538087	0.478122	0.039042	0.407180
1.855659	0.801979	2.722140	2.178879	-2.129380	-1.107468	-1.867698	1.280986	4.293163
1.049488	-14.664477	-2.721849	-1.129952	-5.140750	0.906797	0.875491	-42.943842	5.409237
0.158213	-1.958679	0.502526	0.569286	1.901849	0.753938	0.649972	-0.573226	0.698555
1.031605	4.247468	-0.532782	1.355955	-1.696587	2.037484	-4.066141	0.611044	2.629192
1.795056	-1.345161	0.492279	0.298918	-2.483290	-0.593910	-2.117672	-0.983943	0.986855
0.957056	-1.817136	0.886487	-0.318713	-0.584823	-0.264816	-0.215516	0.506581	0.992177
1.717520	1.273770	2.501495	2.566881	0.955459	1.899360	3.061975	1.952167	1.291897
1.667517	1.262665	-1.390673	-1.434653	-2.660881	0.691428	0.147444	-0.991732	0.770420
0.879998	0.697347	0.722157	0.273176	0.200432	-0.142017	0.416753	-0.342769	0.773375
0.191256	0.411108	0.267896	0.190681	-0.753491	-1.652106	-0.009800	1.272962	0.442136
-0.221614	-0.061753	-0.601241	-0.772356	-0.335687	-1.786466	0.108172	0.626024	1.464182
1.559499	0.127952	1.391738	2.028275	0.216158	2.833478	-4.507522	0.058237	3.508026
0.907739	-0.803973	0.198428	-0.376349	-0.150117	-2.932622	-0.506151	-0.768461	0.980092
-0.350720	-0.567760	-0.217422	-0.301160	-1.976017	-1.064727	-1.075460	1.327335	0.395113
0.375900	-5.902807	0.189008	0.126573	0.293053	0.546833	-0.709325	-1.311898	3.716546
0.372653	0.047277	-2.629767	-2.028212	-0.440777	0.380228	0.576482	-2.057553	2.307367
0.364821	0.619083	-1.615252	-1.360912	0.001687	-1.125723	-0.208201	-0.120365	0.751787
0.354615	-0.124325	1.011016	0.500469	0.536816	0.922310	0.774221	-0.517769	0.972021
1.303825	-1.056991	5.356079	5.749079	2.197316	1.456875	-1.201947	-3.093738	2.471742
0.297915	0.329855	-0.532463	-1.396418	-0.318244	1.599125	0.964182	-0.222423	0.479434
1.218968	0.458171	-0.081699	0.005247	0.782878	0.001426	-0.332468	-0.217832	0.701644
0.860779	1.453568	0.003973	0.178732	0.596749	-0.656314	0.198206	-0.847388	0.861978
0.182860	-0.282850	-0.098083	-0.834615	-6.402888	-10.179899	0.104941	-2.139706	0.433022
0.540534	0.472557	-0.588033	-0.163444	1.390443	1.230518	-2.378565	-0.478156	1.333288
-0.990261	-0.482936	-0.560694	-0.497309	-0.334367	-0.163503	0.438794	-3.211076	0.266281
0.126416	0.962733	-0.112978	0.185275	0.818050	0.119553	0.388019	-0.553555	0.340082
-0.066464	-0.058210	0.149978	-0.540853	0.143401	-3.127777	-1.385420	0.202818	0.968649
0.969928	-2.257850	-2.517313	-2.008828	-3.586317	-8.788139	-6.466137	-0.048978	2.106799
0.860136	0.882987	1.235318	1.149721	-1.987190	0.236801	0.483780	0.772916	0.663499
0.435840	-0.312204	-0.308119	-0.277403	-0.465878	-0.618919	-0.274432	-0.317949	0.168552
-0.576897	-0.929271	-0.293183	-0.423243	0.036432	-0.661834	-0.123176	-1.291501	0.164345
-1.523372	-1.894411	-2.712067	-2.321723	-5.917153	-2.184597	-1.998722	-2.152164	5.651975
0.280466	0.567266	0.375476	0.494428	1.122425	0.762765	0.277818	0.089110	1.278463
0.163026	0.391677	-0.155919	-0.045190	0.722353	-0.382886	-0.263288	0.082531	0.259968
0.131209	-0.458221	-0.657345	-0.679226	0.792734	0.519749	-0.606470	-0.197390	0.402927
-0.247383	-0.026311	0.519393	0.567870	0.692837	-0.407599	0.361042	0.136518	0.136084
0.277636	-0.227216	-0.403861	-0.251418	0.919366	0.233564	0.071654	-2.526272	1.090994
0.129185	0.154378	0.654308	0.545241	-0.197226	-0.208847	0.729278	0.008314	0.867059
0.147890	-0.898102	-0.626623	-1.659921	1.908417	-51.659304	-3.707285	-2.965014	1.451663
0.107344	-2.929913	2.013305	0.714375	-4.397673	-0.568462	0.207883	2.281055	0.967259
-0.927643	0.539273	-1.194016	-0.728720	0.123067	0.172705	-1.646422	0.445597	0.627955
-2.167272	-0.123676	0.743172	0.630302	-5.946145	-1.086580	-0.931744	-0.192204	0.876949
0.609547	-1.991896	0.669545	0.251504	-1.137091	-0.346823	0.659003	-0.233429	1.044298
0.796901	0.004083	1.069499	0.889914	0.500405	1.309982	1.030100	0.597396	0.588727
0.567333	0.371706	0.414922	0.544987	0.694989	-0.149309	0.547460	-0.450119	0.588442
0.480215	1.104392	3.705922	3.498834	0.793408	3.282483	2.462165	1.061374	2.498540
-0.241057	-7.119515	-1.015299	-2.419307	-2.069777	-0.193540	-3.682232	-0.702353	0.809222
0.445710	-0.159119	-0.193967	0.794154	2.571984	3.590986	2.537295	-2.083395	2.999339
0.502076	-0.753924	-0.064484	0.274965	0.245350	0.401713	-0.771582	-1.874919	0.490892
1.622341	-1.571362	-1.086222	-0.777207	-4.770543	-3.096740	-5.780870	-0.832021	1.157356
0.990577	-1.177648	-1.314293	-5.093107	-4.136951	-3.640744	-1.159772	0.285795	1.458031
0.325171	-1.761743	-0.324646	-0.068197	0.813486	0.063498	0.013858	-0.811091	0.453829
0.380482	-0.983408	-1.552837	0.707098	-12.764493	-1.431957	3.943439	4.822021	15.928415
0.376315	0.172889	0.390670	0.506060	1.090229	0.486096	0.729073	0.876077	0.780832
-0.150954	1.173420	1.014200	1.304571	0.162961	2.506932	2.712209	1.378563	1.051062
0.330220	0.887174	-0.553867	-0.337570	-0.059252	-1.513763	-2.563309	0.042820	0.514352
-0.638692	-0.367394	-1.094053	-0.954350	1.255372	0.449335	0.749120	-0.352709	0.718455
0.374250	-0.258916	-0.267977	-0.400142	1.004489	-1.002660	-1.589953	0.104879	0.484674
0.225694	-0.230358	-0.323907	-0.296688	-0.201638	-0.242602	-0.280363	0.001763	0.233791
0.440318	0.597951	0.062577	0.383500	-0.482288	0.537549	-0.311794	1.311589	0.904854
0.241936	0.075536	0.277335	0.280759	1.726347	0.458129	0.318342	0.078881	0.283601
0.283357	0.393937	0.072466	0.049532	0.390592	0.237599	-0.112077	0.229022	0.240620
0.231987	-8.120403	-1.213852	-1.249006	-1.031479	-12.347375	-4.227179	1.511120	1.185823
0.374124	-0.094139	-0.908209	-1.481978	0.239297	-0.457303	-0.509774	-0.914656	0.367309
0.206165	-1.320047	-0.896860	-0.625648	0.217625	2.780023	1.648253	-7.786498	1.723894
0.409322	-0.927202	0.532398	-0.159837	-4.004405	-1.332483	-3.178044	0.211237	1.247321
0.386968	0.347474	0.486289	0.440792	0.087077	0.126858	0.143998	0.700531	0.246311
0.805991	0.201452	-0.000566	0.009289	0.199661	-0.443154	-0.210957	-0.180723	0.427836
-0.503778	-1.618027	-1.815600	-1.241990	-0.037541	-5.759053	-2.422564	-0.578025	0.958715
0.316131	0.833351	-10.297511	-7.088922	-40.881694	-0.332362	-11.309596	-5.645572	5.720616
0.154914	-0.156379	-0.517819	-0.655219	-0.217417	-0.018174	-1.227143	0.315445	0.972015
-0.231604	-0.860932	-0.593495	-0.425514	0.089090	-1.002329	0.377934	-1.159854	0.904524
0.388572	0.531370	0.609919	0.647220	0.958685	-0.265239	0.368913	-0.488254	0.786267
0.345954	-0.498776	0.476492	0.020647	0.113548	0.218751	-0.286423	-0.181209	0.194670
-0.237890	-0.088814	0.368662	0.394434	0.466498	-2.653687	0.446272	0.297176	0.315955
-0.538039	0.165347	-3.413543	-3.555108	-1.622211	-9.614024	-6.710695	-0.792736	0.985267
-0.082087	1.447164	0.103824	-0.218826	0.324043	1.303778	2.236513	1.983523	2.067247
-0.317762	-1.141546	0.913931	0.760549	1.325918	1.554468	-1.404416	1.145137	0.759708
0.056130	0.805868	0.389263	-0.248648	-1.524817	-2.630749	-1.700452	-0.093420	1.222597
0.090765	0.018165	-0.013218	-0.041077	0.088516	-0.116408	0.087264	-0.054953	0.022002
-0.044604	-0.154393	-0.143456	-0.231179	-2.639850	0.218656	0.042272	-0.022494	0.137355
0.032126	0.738882	-0.251416	0.124744	0.540210	2.184551	-0.827932	1.108607	1.044441
0.023445	-0.179773	-0.230089	-0.352928	0.244998	-0.239210	-0.560973	-0.830589	0.196689
0.076994	-0.880159	-0.584694	-0.562246	-0.229246	-0.000683	0.096610	-0.750336	0.278315
0.984396	-2.083899	-3.152638	-2.435664	-0.922360	-12.262211	-2.912086	1.062936	1.697159
-0.002753	-1.326891	0.409902	0.312874	0.361944	-2.229665	-0.223911	-1.468492	1.457176
0.104888	-3.786004	-1.581508	-2.372243	-1.899483	-4.235546	-5.504886	-2.641113	0.905907
1.621627	3.606505	-16.186464	-12.143026	1.536570	-9.688554	-6.382035	-2.499394	7.827587
1.294489	1.454441	0.772171	0.945917	4.393574	-1.919799	-1.287553	1.193780	1.493219
-0.161799	-0.248934	-1.035018	-1.144126	-0.478823	0.237118	-0.100612	1.384601	0.651294
0.686436	-0.252600	0.640336	0.493036	-0.758808	0.243262	-0.053045	0.289083	0.345190
1.034644	-3.874405	2.618146	3.049580	0.063194	4.221367	6.465547	2.538822	2.674228
0.879776	0.378862	0.169737	0.126705	-2.562551	-1.116961	-0.566181	-1.101709	0.875032
0.898849	-0.244806	-2.367824	-1.893947	1.545645	-0.851881	0.009588	-0.759998	0.598851
1.138394	0.391739	0.253573	0.963792	0.890425	-0.327658	-0.676250	2.573022	1.361879
1.835044	1.185230	1.093075	1.216433	-0.757670	4.028471	1.947997	0.477167	1.943978
1.755383	-0.784426	0.562713	1.045648	2.760407	1.985845	-0.386592	1.275988	2.272379
1.526341	3.492267	-7.629624	-4.910048	5.200914	4.645878	6.380680	6.200483	6.971142
1.626540	0.017832	3.249599	3.215222	-1.211358	3.377434	-0.063609	3.642054	2.576879
1.658252	0.876966	2.016259	-12.420998	-0.898974	-2.488096	1.750600	1.709291	1.293054
1.597069	-3.036686	-1.104393	-1.419695	0.584465	-14.498212	0.444697	-6.145972	0.769819
0.472204	0.659647	0.173861	0.300166	0.162181	0.337700	-0.039895	1.226259	0.131977
0.464748	0.577327	1.162603	1.000691	0.734187	1.093552	0.372518	0.751350	1.574446
1.037653	0.051288	0.270809	0.373177	-0.411083	-0.361854	0.266302	1.106700	0.331771
0.655115	0.347606	0.627030	0.477712	0.348625	-0.500146	1.055768	1.736560	0.814539
0.200452	0.156107	0.172751	-0.162675	0.327709	0.312310	-0.932773	0.308391	0.246658
0.599821	-0.154814	-0.696616	-0.887699	-0.299746	-0.886205	-0.862635	-1.405254	1.437474
0.988558	-0.540339	-0.114600	-0.674916	-3.769244	-2.969964	-0.326098	-1.112497	0.691919
0.622834	-0.835880	0.178817	0.026102	1.112230	-2.558211	0.134674	-0.519584	1.052461
0.927819	0.133266	0.331188	0.451259	-1.650807	0.023290	2.362162	0.419585	0.499724
1.526729	1.452925	-1.685334	-1.046609	0.124854	1.924050	2.270268	-0.383319	2.609814
1.441002	-5.180928	-0.224692	0.070240	3.604099	0.014347	-1.895028	-2.222754	1.437270
0.555740	-4.000130	-1.925700	-1.053114	-1.230599	-0.195504	-3.561317	-2.000278	0.684713
0.836134	-0.294570	0.374823	0.296909	0.232326	-0.240797	0.210859	0.089081	0.154835
1.227572	0.085025	0.822354	0.935248	1.975835	1.288135	0.213131	0.348183	1.748393
1.449118	0.731163	1.048622	0.702011	0.133095	-2.705667	-0.389689	-2.041474	1.693618
1.160514	-1.598516	0.437780	0.244731	2.093272	2.275625	1.830271	-0.653813	1.180438
1.162389	0.773080	-0.281445	0.444494	0.112177	-0.866685	1.734655	0.255871	1.528176
1.337731	-0.423834	0.649785	0.609438	-1.338306	-0.520551	0.478171	0.716764	0.820658
0.493801	0.153187	0.025237	0.111881	0.523321	1.260736	0.120379	0.115892	0.095354
0.704263	0.447639	0.064672	0.086867	-0.839732	0.769899	-0.183479	-0.151883	0.057194
0.485574	0.219191	0.514657	0.402249	0.918718	0.556693	0.918914	0.201061	0.478665
0.141677	-0.300163	0.339427	0.235106	1.607077	0.991031	-0.271669	0.059982	0.412699
1.046367	1.526953	0.899110	0.654547	0.414814	0.629582	-0.048971	-0.157611	0.798641
-0.096552	-0.124018	-0.346405	-0.361062	-0.009688	-0.450593	-0.172561	-0.338942	0.253104
0.326141	-0.257352	-0.041215	-0.300631	0.744587	-1.428368	0.054382	0.028695	0.279021
0.992451	0.323210	-0.611889	-0.531013	-4.614629	-0.822855	-0.489489	-0.892802	0.304195
0.475046	-0.488082	-1.153408	-0.925654	-0.420827	-0.549428	-0.709762	-0.020236	0.264544
1.182602	0.820681	1.217958	1.235537	-1.696262	-0.695035	1.074240	0.457824	0.792333
0.976947	1.717955	0.131445	0.294942	-0.123511	0.127379	3.696647	0.861634	1.859201
0.948171	4.486577	1.674008	1.526739	-1.143668	-0.761790	-2.768859	2.874941	2.192507
0.946411	0.874653	0.745672	0.630803	2.081174	-0.052221	1.249963	1.162079	0.844423
0.864404	0.020548	0.141088	0.194370	1.315272	0.496848	0.105118	1.036161	0.855984
1.037149	1.654491	2.460290	1.663756	2.215116	2.745222	3.467126	2.278962	4.799755
0.459857	0.202710	0.192957	0.318105	-0.112127	0.254377	0.460595	0.555281	0.179660
0.148973	0.084369	0.015266	0.046637	-0.126739	0.193678	0.066334	0.011181	0.033987
0.131243	0.258837	-0.144258	0.027790	-0.298158	0.214251	0.266811	0.475665	0.139370
0.391611	-3.988133	-7.465652	-8.327640	-1.830271	-0.820201	0.186087	10.966718	2.446957
1.043079	-0.845741	-1.318457	-1.169327	-1.079585	-2.489935	-0.651464	0.579140	1.376779
0.431337	0.584143	0.275300	0.300016	0.935716	0.120430	-0.114410	1.118902	0.564851
0.435265	0.285445	0.053039	0.172413	-1.313597	0.436456	0.735946	0.289188	0.352221
1.029695	-0.172835	-0.295639	0.372596	-0.039120	0.039071	1.232171	-0.802004	0.596116
0.914713	0.383044	0.270759	0.272144	-0.461688	-0.672978	-0.060136	0.633033	0.427904
0.926631	3.412385	2.939913	2.689881	2.318278	0.375950	-0.482005	-2.783581	5.033693
0.733301	0.189112	-0.029917	-0.014071	2.497358	0.631836	0.568887	0.245117	0.376281
0.673483	-0.561498	-0.781586	-0.479610	0.152194	-1.641482	-0.800992	0.270076	0.453145
0.857834	0.017742	-0.333405	-0.247653	2.107895	-5.592019	-18.521839	-0.239983	2.210946
0.688799	0.276549	-1.341021	-1.103083	-0.043027	0.716295	-0.364370	0.500392	0.954831
0.832144	2.506915	1.404823	1.036659	-0.430920	2.808909	1.553296	-0.488341	1.610463
0.660736	0.351203	-5.011184	-3.527720	-2.012663	0.896322	0.716138	0.417568	1.320715
0.912980	-0.838624	-0.606703	-0.607154	1.440099	-0.479494	-0.094047	-1.194011	1.002621
0.110388	0.083363	0.454468	0.512034	-0.073018	0.340709	-0.453775	0.956523	0.335011
0.569478	-1.448053	-1.681870	-2.691378	-1.276911	-6.089732	-1.188436	-0.356944	1.546776
0.773106	-0.308253	-2.026955	-1.453980	1.737911	-0.839077	-1.003390	0.166751	1.566952
0.854520	0.005908	-0.105064	0.059315	-2.160705	0.382171	-0.355047	0.159015	0.339488
0.576702	0.354180	-0.275120	-0.055244	0.262491	1.037713	0.579437	-0.879053	1.472962
0.573186	-0.580619	0.243337	0.335631	-0.164631	0.482385	0.641279	0.438998	0.571101
0.784946	-0.120327	0.377606	0.458903	-0.337644	0.949808	0.838097	0.009716	0.579789
0.429523	0.766056	0.450496	0.501078	0.369451	0.666248	-0.139360	1.479604	0.730036
0.111132	0.128886	0.174225	0.085374	-0.322384	-0.453239	0.152446	0.558105	0.267736
0.039002	-0.103699	-0.320465	-0.570503	-0.425572	-0.181704	-0.903281	0.160067	0.273136
0.459146	-1.960077	-1.859248	-2.387392	2.875172	-2.189027	-0.284866	-3.312343	1.431095
0.457906	-0.449320	-0.820310	-0.849000	-0.742957	-0.909868	-1.352849	0.370204	0.325721
-0.251776	-0.375426	-0.406204	-0.080917	0.385822	1.332903	-0.073797	-0.552857	0.337964
0.589776	-1.093762	-3.378403	-2.762737	-2.518613	0.836126	-4.224550	0.137299	1.388989
0.443265	0.365314	0.417440	1.330600	1.829250	0.615677	2.063643	0.770979	2.519093
0.723757	0.175329	0.012998	0.039438	-0.771291	0.552031	0.623358	-0.067311	0.394343
0.618872	-0.850973	-0.298967	-0.175043	0.049240	-0.346806	-0.590050	-0.197843	0.225946
0.637761	0.046899	0.000496	-0.125575	0.213345	-0.009906	-0.129166	0.066858	0.292655
0.707192	0.940519	-0.041614	0.207693	-2.043166	-0.501388	-0.024520	0.997957	0.785092
0.578528	0.466847	0.280786	0.299581	1.369568	0.141303	-1.161276	-8.232563	1.397785
0.549642	-0.918249	-1.311000	-1.133496	2.514935	-2.654106	1.295686	0.240390	1.485808
0.608595	0.520233	0.861417	0.964285	-0.270843	0.695054	0.542392	0.677846	0.833310
0.485968	0.369336	0.367133	0.771255	-0.442034	-0.556226	-0.831176	-0.114878	0.611439
0.578417	0.155578	0.240162	0.429950	-1.004039	1.346630	-1.506711	1.226130	0.950840
0.548199	-0.898863	0.149452	0.327382	0.897924	-0.629055	-0.403324	-0.385711	1.227952
0.256261	1.258637	-0.324537	0.166853	2.049008	2.788711	1.428149	-0.044703	3.767528
0.429099	-0.225128	-0.650800	-0.582713	-1.224143	0.254028	-1.117824	-0.618353	0.563116
0.448573	1.743248	-0.620860	-0.597319	-2.151819	-0.614584	-1.497149	0.062510	2.062783
0.401326	-0.639673	1.188012	0.916147	2.793962	-0.574039	1.596144	0.379913	1.639113
0.525890	0.698221	0.315929	-0.041061	0.479934	0.624248	0.649282	0.833828	0.809363
0.528815	-0.298849	-1.389707	-3.607017	2.321184	3.939293	-2.233049	-5.288553	2.093879
0.216986	1.276134	1.125948	1.082258	2.531096	-0.413063	0.493835	-0.543835	0.342571
0.433599	0.212559	-0.213305	-0.085233	0.726772	0.631497	0.539215	0.510941	0.687510
0.352223	-0.177412	-0.479449	-0.441312	-1.242507	-0.431659	-0.635048	-0.674214	0.273446
0.504483	-0.782010	-0.119270	0.290284	-0.273732	1.703771	-0.251677	0.322693	2.968093
0.346542	-0.406056	-0.090336	-0.433405	0.637516	-0.093111	0.191813	0.354963	0.186541
0.381892	0.806444	0.702094	0.708371	1.167605	0.236398	0.095587	0.074884	0.460429
0.400384	-2.431906	1.088066	1.250462	2.213759	0.616131	0.350629	2.399239	2.513535
0.170234	0.533634	0.256874	0.009767	-0.880710	0.261466	0.631909	1.738700	0.436831
0.149816	0.278209	0.764652	0.611115	-0.914815	0.568311	0.432360	-1.545477	0.256085
0.218315	-1.384633	0.942848	1.074590	2.091011	1.442979	2.672976	0.133203	1.818853
0.074233	-0.895718	0.025116	0.020279	0.542068	-0.342077	-0.077835	-0.153690	0.122723
0.067988	-0.080033	-0.213592	-0.021184	-0.702126	0.799945	0.208027	-0.103005	0.408642
0.137007	-0.526374	-0.086559	-0.045648	0.372846	-0.457513	0.005953	-0.570173	0.473040
0.284361	-0.384607	0.586756	0.571437	-1.178818	0.138162	-1.503254	-1.161518	0.688803
0.274249	-0.631679	0.039039	0.103698	0.418701	0.027755	0.399147	0.794221	0.555016
0.054264	0.044526	0.144668	0.102328	0.097099	0.103380	-0.082595	0.143979	0.024131
0.299537	0.128577	0.873369	0.661230	1.436016	-0.366087	1.218002	0.553069	0.433691
0.276305	-0.392047	0.193117	-0.025881	-2.276268	-0.459188	-0.279619	-1.879676	0.510992
-0.008153	0.065685	0.232211	0.431719	-1.190455	1.303215	0.663230	0.362909	0.678115
0.350804	0.180035	-0.244069	-0.325261	-0.377527	0.166223	-0.874109	0.339486	0.356694
-0.039900	0.012049	-0.061488	-0.068480	0.808782	0.913567	0.060549	0.151507	0.103343
0.336416	-4.781657	-3.849886	-3.078935	-0.929829	-0.916329	-1.925562	1.498518	1.344268
0.065397	-2.537909	-0.050318	0.015904	1.357368	-3.651820	-5.987689	-5.609431	3.032636
0.202596	-0.010810	0.002643	0.005000	-0.066430	0.156574	0.004667	0.111185	0.031368
-0.029263	-1.684244	1.687331	1.656717	0.068457	1.978045	4.398605	1.924015	3.326498
0.299221	-1.637723	-4.746816	-3.970717	-0.534122	0.520838	-0.948837	-0.081828	0.783001
0.205783	0.233480	0.390211	0.339553	0.158326	-0.313728	-0.527604	0.704206	0.288292
0.012536	0.093942	0.007385	-0.050267	0.018304	-0.302996	-0.146556	0.031485	0.110783
0.118071	-0.490506	0.123543	0.135356	1.037099	-0.267203	0.009458	-0.063443	0.214157
-0.130444	-0.105837	0.147165	-0.188650	0.190752	-0.769776	0.311423	-0.139832	0.288324
0.112972	-0.516764	0.667263	1.049565	-2.299942	1.736177	1.802893	-0.139056	1.315404
0.084552	0.034433	-2.983546	-2.053748	3.501459	-4.951250	0.809290	-1.056800	1.056787
-0.189035	-0.526143	0.176326	0.473585	2.043974	1.300337	-0.135886	0.433068	0.825261
0.018521	2.078606	1.568930	2.037793	0.581334	2.338195	1.909161	1.981293	1.585439
-0.214293	0.150337	0.142473	0.138955	0.021201	-0.011565	0.148527	-1.235854	0.411837
0.052088	-0.153385	-0.514115	-0.325883	-0.203747	-0.235939	-1.097136	-0.174268	0.411325
0.065745	0.020877	-0.165797	-0.123900	0.312182	0.761265	0.167047	0.033267	0.328793
-0.136025	-0.151464	0.020221	0.107116	0.296751	0.181162	0.154742	0.137307	0.103416
-0.178705	0.423751	-1.079636	-2.132428	-1.144530	0.902305	0.285274	-1.476698	0.889846
0.022560	-0.360324	-0.428516	-0.424315	-0.576278	0.097650	-0.197531	0.679251	0.255977
0.154018	-0.914541	-0.322279	-0.304669	0.943550	-0.012825	-0.742614	-1.388133	0.430239
0.027457	0.134102	-0.040095	0.028150	1.085765	0.093968	-1.269524	0.229008	0.546972
0.107338	-0.206231	1.677937	1.329601	2.373864	-0.246436	0.433548	1.025508	0.728295
0.016864	-0.745254	0.331772	0.234834	-0.066711	-0.222843	-0.229760	0.021349	0.223053
-0.060455	0.136253	0.147376	0.273377	0.068144	0.342325	0.117305	0.500638	0.192418
0.080877	1.216103	1.565881	1.357128	1.146945	0.573400	-1.370586	-0.437214	1.595125
0.076205	0.236245	0.069943	0.175309	0.546570	0.295069	-0.024794	-0.380913	0.239450
-0.074569	-0.839033	-0.558985	-0.538907	0.897761	-0.978605	1.618360	0.323539	1.105440
-0.080835	-1.337854	-3.919755	-3.622043	-4.521519	-12.416850	-12.800474	-8.552618	2.292000
0.060085	0.102532	0.400002	0.384533	0.938790	0.804839	-0.312866	0.046452	0.149679
-0.093577	-0.167549	0.216482	-0.010349	0.096976	0.014662	-0.008938	0.772996	0.472316
-0.130977	-0.426157	-0.749627	-0.697216	-0.159532	0.061075	-0.267822	0.088810	0.466151
