ABF1(YKL112W)	-0.401508	-0.16262	-0.618164	-0.353606	0.35203	-0.140026	0.420722	-0.540298	0.633863
Dummy0	-999	-999	-999	-999	-999	-999	-999	-999	-999
ACA1(YER045C)	-0.109848	-0.102792	0.128482	0.120212	-0.158205	-0.250142	-0.175516	-0.054712	0.151588
Dummy1	-999	-999	-999	-999	-999	-999	-999	-999	-999
ACE2(YLR131C)	-4.3951	-3.09814	-8.17539	-8.62613	-0.371239	0.399195	-7.54898	-2.90136	1.82075
Dummy2	-999	-999	-999	-999	-999	-999	-999	-999	-999
ACO1(YLR304C)	-4.13778	1.66609	3.07133	2.38456	1.61048	1.97219	3.23035	1.2734	2.32699
Dummy3	-999	-999	-999	-999	-999	-999	-999	-999	-999
AEP1(YMR064W)	-1.65892	0.223095	-0.601367	-0.281532	-0.408257	-0.483842	-0.240257	-0.803585	0.68864
Dummy4	-999	-999	-999	-999	-999	-999	-999	-999	-999
AHC1(YOR023C)	-2.18229	0.675761	0.560225	0.453919	-2.06207	-1.51551	-2.10436	-9.22182	1.08112
Dummy5	-999	-999	-999	-999	-999	-999	-999	-999	-999
ARG80(YMR042W)	-0.801615	-0.463521	-0.187326	-0.915135	-2.73843	-0.618788	-0.937887	0.222815	0.408521
Dummy6	-999	-999	-999	-999	-999	-999	-999	-999	-999
ARP6(YLR085C)	-0.097549	-0.650081	-1.83931	-1.7269	-1.18038	-1.98337	-1.86331	1.08555	0.799255
Dummy7	-999	-999	-999	-999	-999	-999	-999	-999	-999
ARP8(YOR141C)	-0.97476	-3.43164	-0.344644	-0.428722	-0.06422	-0.217622	-2.36262	0.832233	0.149004
Dummy8	-999	-999	-999	-999	-999	-999	-999	-999	-999
ATP22(YDR350C)	-0.098686	-1.28475	-0.526095	-0.469127	-0.548676	-1.20277	-0.944703	-0.647071	0.536581
Dummy9	-999	-999	-999	-999	-999	-999	-999	-999	-999
BRN1(YBL097W)	-0.097957	0.029276	-0.154591	-0.064783	0.251574	0.016701	-0.141874	0.115609	0.070813
Dummy10	-999	-999	-999	-999	-999	-999	-999	-999	-999
BYE1(YKL005C)	-0.190113	-0.206182	0.163284	0.605638	-1.06009	1.48842	-0.853131	1.33397	2.09383
Dummy11	-999	-999	-999	-999	-999	-999	-999	-999	-999
CAD1(YDR423C)	-0.258693	-0.082223	0.253044	0.334788	-0.05759	1.15918	0.380252	0.155641	0.341619
Dummy12	-999	-999	-999	-999	-999	-999	-999	-999	-999
CAF40(YNL288W)	-1.88975	-0.745476	0.852049	1.01058	1.0706	-2.79528	-0.078654	-0.261142	2.84851
Dummy13	-999	-999	-999	-999	-999	-999	-999	-999	-999
CCR4(YAL021C)	-2.10796	1.45118	1.05669	0.494912	-1.36844	-0.859265	-1.04216	-1.8878	1.77588
Dummy14	-999	-999	-999	-999	-999	-999	-999	-999	-999
CDC36(YDL165W)	-0.625123	-0.278829	-0.336839	-0.483484	1.07656	-0.306635	0.137339	-1.26758	0.453786
Dummy15	-999	-999	-999	-999	-999	-999	-999	-999	-999
CIN5(YOR028C)	-4.47553	-0.95176	-5.92895	-4.77724	4.79063	-3.08876	-3.06123	4.76871	5.44204
Dummy16	-999	-999	-999	-999	-999	-999	-999	-999	-999
CRG1(YHR209W)	-0.655629	6.76802	2.67981	2.62613	2.70106	6.06157	1.22232	1.95306	1.74362
Dummy17	-999	-999	-999	-999	-999	-999	-999	-999	-999
CSE2(YNR010W)	-0.651771	-11.4864	-6.97184	-5.37702	4.80104	-6.14931	-6.10007	2.44365	4.19212
Dummy18	-999	-999	-999	-999	-999	-999	-999	-999	-999
CTH1(YDR151C)	-0.26929	0.030829	-4.61523	-3.63639	1.26407	2.04001	-0.161859	-0.095394	1.10118
Dummy19	-999	-999	-999	-999	-999	-999	-999	-999	-999
CUP2(YGL166W)	-0.796849	-0.888141	-0.133904	-0.242005	-0.873982	-0.182753	-0.511514	-0.237128	0.372141
Dummy20	-999	-999	-999	-999	-999	-999	-999	-999	-999
CUP9(YPL177C)	-0.757442	1.69823	3.20039	2.88468	7.23914	5.00291	5.4329	0.339221	4.05024
Dummy21	-999	-999	-999	-999	-999	-999	-999	-999	-999
CYC8(YBR112C)	-0.206958	0.085295	-0.064986	-0.673998	0.045922	-0.992126	-7.62232	-8.07727	2.73099
Dummy22	-999	-999	-999	-999	-999	-999	-999	-999	-999
DIG1(YPL049C)	-1.65907	0.661881	0.419411	0.15067	-1.72706	-4.34784	-2.10798	-3.17586	0.814059
Dummy23	-999	-999	-999	-999	-999	-999	-999	-999	-999
DPB3(YBR278W)	-0.527536	-0.558496	-1.2211	-1.12026	-0.027384	0.115023	-0.395892	-0.702387	0.749071
Dummy24	-999	-999	-999	-999	-999	-999	-999	-999	-999
DPB4(YDR121W)	-1.35692	-0.018446	0.172395	0.360389	-0.289147	0.808851	0.193848	0.807445	0.630328
Dummy25	-999	-999	-999	-999	-999	-999	-999	-999	-999
DST1(YGL043W)	-0.589018	-0.479679	-0.011715	-0.473561	0.099695	0.606983	0.081457	1.35795	0.691835
Dummy26	-999	-999	-999	-999	-999	-999	-999	-999	-999
ECM23(YPL021W)	-3.32071	-1.07465	-1.45384	-1.63066	-0.447852	-5.23605	-1.55091	-5.21802	0.402285
Dummy27	-999	-999	-999	-999	-999	-999	-999	-999	-999
ESA1(YOR244W)	-0.309023	-1.68048	-0.038653	-0.175145	-1.7902	-1.56565	-1.95247	-0.257577	1.24084
Dummy28	-999	-999	-999	-999	-999	-999	-999	-999	-999
GAT3(YLR013W)	-0.817752	-2.35562	-2.13789	-2.14043	0.182235	-4.26419	-1.67316	-1.60157	0.033299
Dummy29	-999	-999	-999	-999	-999	-999	-999	-999	-999
GCR1(YPL075W)	-0.713687	0.75511	-0.312744	0.860352	-2.60546	1.9332	1.71851	-0.799267	2.40333
Dummy30	-999	-999	-999	-999	-999	-999	-999	-999	-999
GIS2(YNL255C)	-2.24227	-2.96727	0.280015	-1.39947	-6.43042	-0.335104	-4.03151	0.689217	2.38821
Dummy31	-999	-999	-999	-999	-999	-999	-999	-999	-999
GLN3(YER040W)	-1.33765	0.001904	1.782	1.15335	-1.2752	1.27513	-1.45412	0.385457	2.52949
Dummy32	-999	-999	-999	-999	-999	-999	-999	-999	-999
GZF3(YJL110C)	-0.925131	-1.10248	-1.09382	-1.28947	-0.383102	-0.038684	-4.11316	-3.10596	0.377311
Dummy33	-999	-999	-999	-999	-999	-999	-999	-999	-999
HIR2(YOR038C)	-0.452499	-0.172419	-0.408268	-0.444582	-0.106006	-0.110754	0.427524	-1.44642	0.316717
Dummy34	-999	-999	-999	-999	-999	-999	-999	-999	-999
HOS1(YPR068C)	-2.66674	-0.776736	-3.89421	-6.1796	0.753933	-0.599446	0.454611	-1.30212	1.73035
Dummy35	-999	-999	-999	-999	-999	-999	-999	-999	-999
HOS3(YPL116W)	-1.21868	-0.24405	0.710709	1.04581	-0.347147	0.81313	0.110731	0.326288	0.574085
Dummy36	-999	-999	-999	-999	-999	-999	-999	-999	-999
HPR1(YDR138W)	-0.724329	-0.46486	-1.4307	-0.893819	-0.50769	-0.434321	-8.50961	-0.643611	0.560514
Dummy37	-999	-999	-999	-999	-999	-999	-999	-999	-999
HSF1(YGL073W)	-1.49078	-0.889867	-2.55776	-2.68218	-1.5592	-0.086921	-0.425492	-1.5221	0.605413
Dummy38	-999	-999	-999	-999	-999	-999	-999	-999	-999
HTB2(YBL002W)	-0.582792	0.791269	1.31208	1.26075	1.01517	1.874	1.35016	1.93917	1.32818
Dummy39	-999	-999	-999	-999	-999	-999	-999	-999	-999
IBA57(YJR122W)	-7.66687	2.5291	5.11609	4.60666	1.40257	3.48858	4.75828	4.00238	3.28853
Dummy40	-999	-999	-999	-999	-999	-999	-999	-999	-999
INO4(YOL108C)	-4.02754	-3.25483	-2.81229	-3.17617	0.812587	2.55697	-0.077966	-2.03098	1.72066
Dummy41	-999	-999	-999	-999	-999	-999	-999	-999	-999
INO80(YGL150C)	-3.48781	-4.23692	-1.25536	-7.93617	-3.62366	-1.52968	-1.90179	-1.39485	1.64874
Dummy42	-999	-999	-999	-999	-999	-999	-999	-999	-999
IOC3(YFR013W)	-1.54501	-0.337843	-0.856434	-0.880614	-0.193463	0.425822	-0.618382	0.18416	0.77655
Dummy43	-999	-999	-999	-999	-999	-999	-999	-999	-999
ISW2(YOR304W)	-2.4967	-1.57661	-0.551735	-0.019645	-2.22523	1.44902	0.513354	0.954618	4.03366
Dummy44	-999	-999	-999	-999	-999	-999	-999	-999	-999
KAR4(YCL055W)	-0.660194	2.65342	1.62489	0.997032	-0.645451	-0.048067	-0.130724	0.224206	4.98258
Dummy45	-999	-999	-999	-999	-999	-999	-999	-999	-999
LYS14(YDR034C)	-1.34522	0.030009	-0.780786	-0.83116	-3.89739	-1.25775	-3.05782	-9.89069	1.55322
Dummy46	-999	-999	-999	-999	-999	-999	-999	-999	-999
MAP1(YLR244C)	-2.46129	0.343668	-0.527403	0.388975	2.01683	3.126	-0.434634	2.48016	3.81313
Dummy47	-999	-999	-999	-999	-999	-999	-999	-999	-999
NUT1(YGL151W)	-14.4484	-10.1321	-1.29062	-1.37057	-1.83445	2.01074	-8.3428	2.93851	5.75697
Dummy48	-999	-999	-999	-999	-999	-999	-999	-999	-999
OTU1(YFL044C)	-3.77569	0.010819	-2.30046	-1.77558	-0.096144	0.493706	-0.601553	-0.133557	0.277871
Dummy49	-999	-999	-999	-999	-999	-999	-999	-999	-999
PDC2(YDR081C)	-5.23644	-1.43571	-3.33577	-3.01911	-2.7093	-1.88426	-3.54533	0.67665	1.25537
Dummy50	-999	-999	-999	-999	-999	-999	-999	-999	-999
PDR3(YBL005W)	-1.51544	0.294524	-0.252567	-0.243887	-0.516819	-0.132792	-0.432974	-1.74503	0.692176
Dummy51	-999	-999	-999	-999	-999	-999	-999	-999	-999
PMS1(YNL082W)	-1.83036	0.836729	0.890858	1.02011	0.508882	1.31376	0.782859	0.288055	0.914476
Dummy52	-999	-999	-999	-999	-999	-999	-999	-999	-999
PUF2(YPR042C)	-1.78038	-0.641371	-1.39014	-1.31068	1.57274	-1.63401	0.905147	-0.640666	0.924462
Dummy53	-999	-999	-999	-999	-999	-999	-999	-999	-999
RPH1(YER169W)	-2.51131	-0.55931	-0.091055	-0.687435	-0.801796	-1.00173	-2.14072	-0.268906	2.19612
Dummy54	-999	-999	-999	-999	-999	-999	-999	-999	-999
RTT107(YHR154W)	-5.46465	-3.85222	-5.86177	-5.61013	2.01291	-15.926	-1.46949	5.26765	4.12763
Dummy55	-999	-999	-999	-999	-999	-999	-999	-999	-999
SHE3(YBR130C)	-6.8328	3.98765	3.51984	4.03182	5.63695	-1.538	3.70307	3.31179	5.36852
Dummy56	-999	-999	-999	-999	-999	-999	-999	-999	-999
CBP1(YJL209W)	-0.091424	0.189596	-0.162647	-0.002703	1.73973	0.123391	1.09398	-1.33881	0.674468
HTZ1(YOL012C)	-0.459841	-9.29425	-1.17346	-1.3052	-4.59294	1.32621	0.721805	-7.70263	1.69102
IRC20(YLR247C)	-0.466052	0.541141	-0.173587	-0.322076	0.091361	-1.57261	-0.030425	-0.878137	0.87786
PFK2(YMR205C)	-1.32165	4.36294	3.22041	2.66374	-0.470632	1.34966	2.32033	1.36542	2.36305
RAD6(YGL058W)	-1.66162	-0.766624	-1.55951	-0.950285	-0.671138	-1.45345	-3.88505	1.41705	1.50288
MCM7(YBR202W)	-0.690251	-0.872361	-0.642442	-0.377922	-0.547331	0.52968	0.007713	-0.072658	0.443638
PHO2(YDL106C)	-1.25755	5.30726	-19.7155	-17.3163	7.25121	-41.4803	-1.28568	-1.04605	2.47389
PIP2(YOR363C)	-1.26237	-3.6631	-2.42547	-5.95489	-6.28992	-12.0141	-3.72604	-11.404	2.54834
PAF1(YBR279W)	-1.10086	0.395403	-1.45024	-0.92754	0.834531	-0.755669	-0.659041	-2.02794	1.51024
PDR8(YLR266C)	-1.12163	0.159752	-0.306409	-0.356178	0.943048	-0.109102	-1.71804	-0.566208	0.248285
MCM2(YBL023C)	-0.515912	-0.432405	0.339596	0.204021	-0.95504	0.184831	-0.165466	0.329866	0.422973
NOT3(YIL038C)	-0.86645	0.507944	-0.220886	0.230917	-1.07713	2.41622	0.290006	-4.93105	1.11394
PHD1(YKL043W)	-0.977422	-0.252794	-0.189824	-0.038371	0.040341	-1.22107	0.095179	-0.205389	0.4755
NHP6A(YPR052C)	-0.791079	-0.238379	-2.17997	-1.09567	-0.711648	-0.477757	-0.749731	-0.938557	1.31017
MED6(YHR058C)	-0.481671	-0.705161	0.302597	0.579322	-1.05755	-8.99169	-1.51755	-0.343518	0.976389
PUT3(YKL015W)	-1.10983	-0.203192	0.21736	0.453519	1.45597	-1.96415	-0.167875	0.966966	0.374391
SIP3(YNL257C)	-2.04656	3.43276	-2.25685	-2.33876	2.99618	0.268329	-4.58715	-5.31059	2.01572
SNF4(YGL115W)	-2.19144	1.11006	-1.11545	0.008726	-0.533578	0.930022	-1.57401	-0.16897	3.26076
NOT5(YPR072W)	-0.419668	-0.680445	0.648636	0.542934	1.23588	0.072231	-0.043862	0.758952	0.989922
MSS11(YMR164C)	-0.290269	0.367347	-0.87743	-1.18863	-1.33818	-2.1124	-1.68131	-1.18364	0.62101
MER1(YNL210W)	-0.10382	-0.040873	-0.235252	-0.205858	-0.174725	-0.044545	0.060058	0.149854	0.081372
IXR1(YKL032C)	0.207974	-0.136284	0.012021	-0.165781	0.09233	-0.376614	-0.16499	0.240083	0.550401
LUC7(YDL087C)	0.009681	-0.133987	0.05621	-0.060432	0.289145	0.214006	0.07704	-0.525532	0.409426
ROX1(YPR065W)	-0.986901	-0.216603	-0.785425	-0.025037	-0.309248	-1.77373	-2.80846	0.064413	1.05297
MAL13(YGR288W)	0.014203	0.07005	0.015567	0.175207	-0.104601	1.3404	0.907693	0.467065	0.218487
MCM4(YPR019W)	0.008065	-0.873112	-0.326138	-0.324445	-0.802115	-0.94097	-0.949973	-0.177217	0.267004
OAF1(YAL051W)	-0.344623	-2.11351	-3.72542	-3.13243	-0.515663	-5.67905	-3.02667	-6.37171	0.725196
MAL33(YBR297W)	0.035029	1.01151	-0.031804	-0.014405	1.14789	1.32915	0.303664	0.388768	0.750707
MOT3(YMR070W)	-0.169924	1.11582	-0.164547	0.381866	0.86332	2.70453	3.29353	2.67062	1.63017
MDS3(YGL197W)	-0.007587	-0.158757	-0.115736	-0.08237	-0.673389	-0.187053	0.042584	-0.02195	0.18575
MPT5(YGL178W)	-0.155554	0.060218	-0.015372	-0.328265	-0.666272	1.59278	0.29859	-0.349506	0.583579
MBP1(YDL056W)	0.05645	-1.87292	-6.22689	-5.59619	-1.40539	-6.23623	-0.886217	-4.39058	0.573578
MSN1(YOL116W)	-0.14364	-2.00052	-1.69239	-1.36932	2.03481	-1.05187	-0.932089	-2.87098	0.376318
RFA1(YAR007C)	-0.790751	-0.207409	-1.61149	-2.06319	-0.22749	-5.70022	-2.7689	-0.505528	0.358422
SSL2(YIL143C)	-2.23152	-0.601025	0.103419	-0.200327	1.24899	-0.433963	0.965856	0.551153	0.997023
SIF2(YBR103W)	-1.39222	2.20889	-1.57512	-1.11116	-4.37838	0.644775	-1.37056	2.06673	1.52735
RAP1(YNL216W)	-0.484594	-4.21998	0.696771	-0.369739	-0.008221	0.971579	-0.978372	1.48407	3.13514
NCB2(YDR397C)	-0.098424	1.36376	-1.09594	-1.24326	-2.1062	2.45104	-1.33943	-2.61564	1.67865
MCM5(YLR274W)	0.175811	-0.014229	-0.009394	-0.071117	-0.131441	-0.29673	-0.09031	-0.233626	0.060854
MET32(YDR253C)	0.121832	0.090022	0.196488	0.204201	0.369518	-0.443317	-0.131854	3.47578	0.280492
PBP1(YGR178C)	-0.17939	-0.409784	0.014537	-0.573476	-0.830331	0.347452	-0.318811	-0.601291	0.22456
POB3(YML069W)	-0.223134	-0.172175	0.619267	0.258224	-0.278395	1.69276	-2.25745	0.020671	0.761351
MLH1(YMR167W)	0.005881	-0.237566	-1.35245	-0.946837	0.673015	0.035717	0.396837	-0.393834	0.330392
PHO23(YNL097C)	-0.166066	0.229564	-0.026351	-0.014068	-0.753891	-0.584862	0.215578	-0.67219	0.169634
PET111(YMR257C)	-0.090549	0.690465	0.535064	0.722659	-0.06377	1.02253	1.10631	-0.475876	0.395856
MGA1(YGR249W)	0.199722	-0.405933	-2.63135	-2.14922	0.056764	0.234994	-1.45113	1.01178	0.397087
SPT15(YER148W)	-1.51074	1.1859	2.15023	1.9183	-3.83995	2.2334	0.721895	1.28191	1.47804
RPI1(YIL119C)	-0.568541	0.796901	1.00051	1.11683	1.20788	0.587326	0.587053	2.67099	2.79625
PIB2(YGL023C)	-0.043736	-0.097166	-0.401608	-0.309603	-0.453251	-0.139636	0.093238	-0.783143	0.27719
MOT2(YER068W)	0.155455	-1.46189	-0.519937	-1.03122	-1.5848	-1.3516	-0.428882	1.53614	0.806917
RNA14(YMR061W)	-0.502668	-0.108117	0.265871	0.310836	0.05841	0.260802	0.208639	-0.078698	0.66393
RPB4(YJL140W)	-0.50183	-0.233468	-0.018626	-0.366767	-0.371222	0.581582	0.127446	0.044373	0.803034
TAF1(YGR274C)	-2.56383	-0.089354	-0.151768	-0.330766	-2.95867	1.94573	-4.22066	-2.09689	0.962846
PAD1(YDR538W)	0.050602	-0.051099	0.064176	0.042354	0.011242	0.134972	0.220494	0.023154	0.032932
MSI1(YBR195C)	0.220945	0.159043	-0.040343	-0.0511	0.648592	0.278788	0.694316	-0.917288	0.61776
RTG2(YGL252C)	-0.807657	-0.506094	0.446219	0.562743	-1.87536	1.47293	-0.856963	-0.838071	1.05603
RPB3(YIL021W)	-0.416882	1.66887	2.4182	2.20379	0.457072	2.02762	-0.486602	2.2914	3.05475
SNF1(YDR477W)	-1.13504	-0.642517	0.799724	0.820597	0.32662	2.07547	-1.43847	0.408297	1.51251
RIF2(YLR453C)	-0.354286	0.006029	0.014352	-0.004029	-0.013706	-0.891338	-0.229363	-0.100245	0.110305
RFX1(YLR176C)	-0.296157	-9.6607	-17.6011	-16.0177	-14.3142	-19.2971	-31.0341	-7.32792	4.99847
SNF6(YHL025W)	-1.03933	-6.01897	-4.93436	-6.37534	-12.5592	-7.82648	-4.18935	-3.16597	1.16084
SET1(YHR119W)	-0.78672	-0.568048	-0.265053	-0.333492	-4.91082	-0.453909	-0.277241	0.036442	0.338002
RPO21(YDL140C)	-0.263728	-0.244794	2.0301	2.34762	1.16562	1.61824	0.375433	-2.13434	1.56679
RFA2(YNL312W)	-0.169806	-0.090261	0.020648	0.044892	0.107853	-0.094054	-0.006491	0.325583	0.136829
RPB2(YOR151C)	-0.224673	0.780055	0.68682	0.641047	1.21683	0.538277	0.581525	0.188254	0.883444
PRI1(YIR008C)	0.079229	-0.021996	-0.255097	-0.108235	0.220463	0.662559	0.474188	-3.42223	0.31787
NDD1(YOR372C)	0.384552	-0.14045	0.064655	0.018949	-0.367007	-0.144256	-1.09595	0.071583	0.257499
PGD1(YGL025C)	0.28253	-0.061099	0.056012	0.171482	-0.237358	-0.304161	0.338149	-0.229506	0.452354
RTT103(YDR289C)	-0.527207	0.093231	0.660301	0.86967	1.8716	-0.993436	1.38081	-0.000519	1.11471
SUT1(YGL162W)	-1.72954	0.822459	0.64392	0.631759	-5.7067	-1.06025	0.765521	1.15623	1.24395
TAF5(YBR198C)	-1.99824	-0.538201	0.154582	0.231624	-1.6171	0.734328	-0.116509	-0.430942	1.76846
TAF9(YMR236W)	-1.85869	0.309351	0.227927	-0.38667	0.396548	0.349909	0.22326	-0.030326	0.685182
SAS5(YOR213C)	-0.41047	-0.747247	-1.07619	-0.85831	-0.258639	-0.062193	-0.834631	-0.041223	0.415057
RIM101(YHL027W)	0.032854	-0.329531	0.057984	-0.081481	0.449579	-1.12461	-1.07849	0.30437	0.445656
RGM1(YMR182C)	0.051618	0.365543	-0.029043	0.084393	0.748285	-0.00332	0.283328	0.204793	0.335046
RTG3(YBL103C)	-0.340973	0.131325	0.413397	0.460687	-3.4583	0.643305	0.211797	0.631194	0.572195
SIN3(YOL004W)	-0.446256	-0.016193	-0.13735	-1.11012	0.360385	0.738207	-4.00424	-1.52345	0.545213
SHE2(YKL130C)	-0.418124	-0.282536	-0.18172	-0.198185	-0.0919	0.106195	0.058791	0.177412	0.454775
SPT4(YGR063C)	-0.692796	3.83218	2.60719	1.97077	-25.7235	3.14854	0.454963	3.48301	6.40385
SLD2(YKL108W)	-0.489204	-0.067441	-0.194214	-0.198414	-1.52452	0.104271	0.22695	-0.303134	0.345288
RGT1(YKL038W)	0.135316	0.720855	0.866505	0.50465	-0.749215	0.62259	1.10839	-0.550708	0.9558
PUF3(YLL013C)	0.369615	0.104694	-0.071425	0.123672	-0.828239	0.454116	-0.484409	0.064059	1.15692
TAF4(YMR005W)	-1.58262	-2.64048	-0.766216	-0.759002	0.814543	0.701687	-0.240465	-1.51834	1.44349
SWC5(YBR231C)	-1.23232	0.243533	-1.54777	-3.55106	1.06789	-6.13811	-0.242317	-1.39444	1.18205
SPT3(YDR392W)	-0.54355	-1.24777	-2.00609	-1.46911	-0.273596	-0.743261	-0.658952	-1.52567	1.21152
SWI5(YDR146C)	-1.2694	-1.58244	0.233384	0.558904	-0.193859	0.664653	0.926012	0.867044	1.27089
RSC8(YFR037C)	-0.111969	-0.395364	0.307776	1.15718	-3.46246	2.10891	-1.35454	1.64668	2.34891
STB4(YMR019W)	-0.664184	-0.687206	-7.91476	-6.71777	0.612464	-1.65721	0.011162	-1.60251	0.64975
SNF5(YBR289W)	-0.353858	-1.09842	0.375714	0.938296	2.46116	-4.79555	-0.473672	-0.738457	2.09636
RNA15(YGL044C)	0.263851	0.36045	0.745376	0.640923	-0.449312	-0.107454	-0.681419	0.163092	0.355202
RAD18(YCR066W)	0.521113	0.368128	1.08246	0.95873	-1.62593	-2.69578	0.375216	1.77515	1.58419
RSC4(YKR008W)	-0.027564	0.283688	-1.60194	-1.51172	-0.41316	-1.43221	-0.613475	1.03462	1.06121
SPS18(YNL204C)	-0.239121	0.211799	0.048519	0.08652	-0.258583	0.461448	0.041385	0.688856	0.150032
SRB8(YCR081W)	-0.311699	-0.498499	0.184303	0.325634	0.565905	0.029179	0.006914	0.025835	0.176617
SRB4(YER022W)	-0.290939	0.310588	-1.65542	-1.02655	0.480314	0.377552	-1.49989	0.542534	0.916309
RTG1(YOL067C)	0.093171	0.020275	-0.41735	-0.246759	-0.2741	-2.15691	0.068356	-0.676615	0.347824
SIR1(YKR101W)	-0.017296	0.071897	-0.081943	-0.038811	0.441318	0.440826	0.285631	-0.968449	0.174954
VPS72(YDR485C)	-2.69543	0.725232	-0.830046	-0.726644	-11.356	-1.85384	-0.347827	-0.092671	0.57429
TFG1(YGR186W)	-1.32469	2.02118	1.76792	2.06122	-0.96436	0.651035	0.286439	-0.161396	2.13012
ABF2(YMR072W)	2.0576	1.18188	0.997885	0.871071	3.5816	0.713712	0.462428	0.604457	0.75469
FKH1(YIL131C)	1.89423	-7.64186	-1.36286	-1.21191	-4.46895	-4.43388	0.785096	-0.802801	1.30293
BRE2(YLR015W)	2.05026	3.27979	1.28716	1.3644	1.23125	-0.776922	2.37389	0.813878	2.13221
RAD1(YPL022W)	0.859757	-0.837061	0.049489	-0.378241	-0.223869	-3.15564	-2.34226	-0.145706	0.27866
NDT80(YHR124W)	1.21206	0.830829	3.91976	4.06942	1.025	1.62698	-13.1179	1.28035	5.02923
RLM1(YPL089C)	0.698229	0.216562	-0.067708	-0.705642	-0.218349	-3.26782	-2.25844	-0.489179	0.954284
MSN2(YMR037C)	1.29247	0.988696	-0.067799	-0.068481	-1.57959	1.53018	-0.355675	2.04384	0.940967
GAT1(YFL021W)	2.12187	0.691376	0.982757	1.12998	-0.617447	-1.85749	0.506035	1.84424	0.982017
PUB1(YNL016W)	0.995822	2.1587	1.32667	1.77477	2.13263	2.10428	1.1727	1.37264	1.96352
PHR1(YOR386W)	1.23772	0.460621	3.20962	2.33993	-0.279907	0.761368	3.28712	1.34056	0.805581
HHT1(YBR010W)	2.03292	1.63233	1.59008	1.72428	2.06086	2.01873	2.01596	3.29707	1.221
HHO1(YPL127C)	2.05539	-1.00307	0.342832	0.429241	0.302536	-2.90164	-1.30321	0.289004	0.796734
GCY1(YOR120W)	2.24573	2.96355	3.2273	3.76372	-12.7175	8.19325	3.28457	-3.72234	5.55139
NAM8(YHR086W)	1.40141	3.08628	1.57958	0.909703	-2.46084	4.85709	0.839538	1.64065	3.44292
BUR2(YLR226W)	2.42592	-3.06298	1.80541	1.51663	-0.303219	0.097199	-0.638503	1.14122	1.69407
HAT2(YEL056W)	2.31691	-1.10018	2.81136	1.56745	-3.67355	3.51163	0.369058	4.42484	2.40639
HAP1(YLR256W)	2.36383	2.13792	8.55758	8.21722	5.02711	-2.12823	4.67646	-0.702605	8.70416
MET18(YIL128W)	1.94167	0.247724	1.17135	0.906005	0.938075	0.928526	0.991571	-1.51566	0.962009
ITC1(YGL133W)	2.21516	-0.109954	-35.1748	-28.614	-2.18165	0.792117	0.963141	0.682725	2.71577
HOG1(YLR113W)	2.55208	2.07442	1.44524	1.50583	-1.58171	1.47168	0.863141	1.23609	1.34309
DOT5(YIL010W)	3.23435	-0.769618	0.33541	0.121106	0.539565	-0.02386	0.951455	1.5439	0.522053
BAS1(YKR099W)	3.81881	1.31686	2.36782	2.35308	0.433988	1.47823	-0.442254	1.06608	1.45925
PCS60(YBR222C)	0.284207	0.842267	0.361297	0.498982	0.218765	0.052171	0.627264	-0.22969	0.974625
STB6(YKL072W)	0.501215	-0.054663	0.559721	1.00702	0.649822	0.764961	0.654238	0.45662	0.941387
REB1(YBR049C)	1.39859	-0.191684	0.448651	0.570855	2.25999	-2.30498	-0.000983	-0.172938	1.90353
RPB7(YDR404C)	1.25323	2.68435	2.87955	3.10717	2.6312	3.5034	3.09259	2.87455	2.58591
SIR2(YDL042C)	0.799062	1.8273	-3.28566	-2.97188	1.75694	-3.82464	-0.390078	4.63648	1.60094
RSC3(YDR303C)	0.943546	-1.71767	-0.195742	1.69857	3.24671	-0.430656	2.382	0.476216	3.78019
RSC2(YLR357W)	1.00796	-1.25657	0.485678	0.041161	0.627628	-0.799719	0.504508	-0.137224	0.329296
RSF2(YJR127C)	1.0033	-0.503763	0.120587	0.240784	0.977708	0.496567	0.776779	0.170072	0.932518
RXT2(YBR095C)	0.988058	-1.1206	-0.278477	-0.104298	-0.937394	3.55119	-0.750068	-1.00914	0.819106
SPT6(YGR116W)	0.844787	1.04357	1.26179	1.62796	1.76802	2.77766	0.131667	0.679298	1.14753
PTA1(YAL043C)	1.82377	-4.67891	0.200405	-6.72919	2.17698	-0.743339	0.777689	-3.25549	3.08121
LYS1(YIR034C)	2.70856	8.63922	6.78307	5.96586	4.27654	1.94713	2.04394	9.66455	6.94232
SMD1(YGR074W)	1.13969	1.31502	-0.437366	0.02669	2.10511	-2.54135	-2.13151	0.211032	1.17445
SMC5(YOL034W)	1.24082	-0.229973	-0.049327	0.005142	-0.048283	0.580539	0.326482	0.145244	0.160753
RDS2(YPL133C)	2.02742	0.039032	-0.463063	-0.280141	-3.28848	-1.28995	-1.13885	0.572187	1.01171
NRG1(YDR043C)	2.55209	0.945914	-1.89268	-1.68456	2.28006	-2.86017	-2.78217	4.79428	2.60638
NNF2(YGR089W)	2.58299	-1.46419	-0.125607	-0.078016	-3.69462	-0.565964	1.14919	-0.66568	0.657421
RLF2(YPR018W)	2.00356	0.904385	-0.283491	-0.075517	-0.112008	1.60343	0.844315	0.763769	0.708014
RGR1(YLR071C)	2.02623	-1.54751	0.583737	0.501979	-0.06928	-1.68957	-0.255189	-0.155314	0.798606
EDC2(YER035W)	3.9198	1.08027	0.990823	1.07758	1.2389	0.997134	1.28041	1.68985	0.768413
NPL3(YDR432W)	2.88249	2.2163	-0.404965	-0.69153	-1.7016	2.96471	-3.18869	-5.56926	2.77415
INO2(YDR123C)	3.88847	0.532483	2.48648	2.67681	-0.809283	2.29384	2.71255	0.813541	2.48558
DAL80(YKR034W)	4.37126	3.13946	4.06791	2.92844	3.83579	3.67926	4.63256	-12.9001	3.27719
HSP26(YBR072W)	4.1353	1.84041	2.21801	1.97474	1.68864	1.04699	3.10461	2.16586	2.14948
PUF4(YGL014W)	2.92609	-0.16661	0.634657	1.2552	1.27156	2.27715	0.630101	1.21826	1.0189
NGR1(YBR212W)	3.29695	-0.329953	4.00424	3.48349	-0.075521	0.027187	-0.77166	3.09684	2.60415
RDR1(YOR380W)	3.03793	-6.39381	1.03265	1.60517	-21.523	24.3005	-9.65327	1.76097	4.76416
POL2(YNL262W)	3.43037	-0.061805	1.85838	1.26081	1.26833	-0.314321	1.82823	0.139852	2.32775
RPN4(YDL020C)	2.76262	0.005244	0.650936	0.796108	-8.02851	1.50187	-1.05198	0.771269	0.782216
TEA1(YOR337W)	1.29962	-0.037616	-0.212371	-0.17672	-0.04821	0.87164	-1.62655	-0.501508	0.73235
SPT21(YMR179W)	2.11438	2.53564	1.93657	1.67543	-0.262659	0.423454	0.277664	0.650484	0.961265
MHR1(YDR296W)	3.86196	2.29784	4.53677	5.20697	0.488108	0.31714	4.12195	0.633721	3.38275
MDH3(YDL078C)	4.45115	0.521597	3.16445	2.65774	-1.60863	0.940905	3.72959	3.46202	3.54093
HAP4(YKL109W)	5.11726	-3.1283	-3.14351	1.27443	4.63311	0.372002	-12.08	2.72688	4.23583
IFH1(YLR223C)	5.36183	2.07879	2.77743	2.86332	4.15355	2.6066	1.97354	-3.07475	1.26085
GAL4(YPL248C)	5.8381	2.08025	-0.430507	1.97751	9.26796	7.13974	10.3141	3.92212	6.25041
CBS2(YDR197W)	6.36109	-1.37651	-4.33749	-2.59396	5.9024	3.31736	-0.858088	-0.81597	2.14457
CAT8(YMR280C)	12.2757	9.86854	9.15742	9.30851	21.626	1.15215	9.94209	15.303	15.8125
CBF1(YJR060W)	1.23244	0.462437	1.66263	1.91665	0.230525	-0.911843	0.180867	0.29909	1.75709
OAF3(YKR064W)	-0.25671	-0.024728	-0.41157	-0.384107	0.66046	-0.059298	-0.036214	0.216925	0.137797
RAD3(YER171W)	3.8721	1.33386	2.70679	2.18787	-1.54827	-1.31217	-3.0936	2.65631	1.6124
MEU1(YLR017W)	4.81928	4.72115	8.06417	7.76707	-1.23986	3.3674	4.81632	2.98542	2.83022
RME1(YGR044C)	3.56081	1.86896	2.53117	2.97248	-0.027032	4.05784	3.05439	3.47254	1.51207
TFA2(YKR062W)	1.97714	0.128693	0.764926	0.817582	0.880795	1.6999	1.21461	-3.632	0.883438
MSS51(YLR203C)	4.85245	2.81879	1.58435	2.44094	2.06433	3.08399	4.54219	5.96609	4.80579
MFT1(YML062C)	5.22246	0.114682	1.20218	0.772333	0.029938	1.05701	2.95702	1.09757	2.98103
PPR1(YLR014C)	4.64716	-10.8919	1.49336	0.917566	0.516117	-0.79892	0.422479	-2.05202	0.854397
SUA7(YPR086W)	2.28549	-4.10524	0.320374	-0.587229	0.051023	0.028665	-0.51524	-6.3561	3.0677
TAF10(YDR167W)	2.3665	-1.6022	-0.263057	0.349761	-4.12289	-1.29031	-1.91281	1.46459	2.63409
VTC1(YER072W)	1.61567	-1.8805	1.14042	1.51169	-0.553882	-4.21847	2.73084	1.30173	6.69974
WTM1(YOR230W)	1.65063	0.990552	1.93069	1.6947	0.284194	-0.29069	-0.572514	0.482151	1.28126
YHP1(YDR451C)	0.223284	0.222963	0.234316	0.341162	-0.083391	0.790343	0.401463	-0.382154	0.433707
YPR022C	-0.75538	-1.27003	-1.3096	-1.7785	0.087737	-0.939257	-2.995	-1.78801	0.493764
WTM2(YOR229W)	1.8466	-0.4277	0.397912	-0.157992	-1.28178	1.4559	0.428187	-3.00616	1.53467
YDR026C	1.75428	0.871822	1.53587	1.32383	0.700008	1.29444	2.51407	1.83473	1.23816
YAP1(YML007W)	1.76189	0.206947	-1.31717	-1.01929	-2.46408	-8.95183	-5.1181	-1.51514	0.898489
YMR1(YJR110W)	0.359437	-0.551389	0.36443	0.28006	-1.10895	-0.700064	-0.431881	-0.316582	0.279017
names	0	0	0	0	0	0	0	0	0
ZDS1(YMR273C)	0.049092	0.306081	0.238329	0.170393	-0.229128	-2.00857	-0.006437	-0.50028	0.350432
ZAP1(YJL056C)	1.80713	0.553796	1.92455	2.01505	1.73281	-1.35626	1.63159	2.01134	1.6495
SUI3(YPL237W)	4.32846	0.375795	6.81082	5.60398	-7.73046	4.68988	1.63165	7.53377	3.33409
YML081W	0.850573	0.215771	0.104067	0.439405	-0.47074	1.26859	0.074945	-2.0521	0.628473
YPR013C	0.400266	0.110007	0.311156	0.185903	-13.6984	-0.727423	0.534017	-2.23459	0.881469
YRM1(YOR172W)	0.16855	-0.206602	-0.619444	-0.810502	0.158562	0.895537	-0.348535	-1.98514	0.396684
YOR302W	1.06905	-0.016675	0.116708	0.104329	0.005129	-0.455721	-0.918899	-0.617318	0.558418
YPR015C	0.85839	0.577859	1.30136	2.16327	1.22606	1.20764	0.283247	2.32305	0.712097
YNG1(YOR064C)	1.38834	-2.33649	-2.30064	-1.94684	-0.504203	-1.97274	0.156804	0.421486	1.27696
YOX1(YML027W)	1.68275	1.33242	0.293008	0.308757	-1.0968	0.412722	0.411383	-0.168057	0.505744
YRR1(YOR162C)	-0.260033	-0.127878	0.153945	0.202977	-0.309328	0.128006	0.182838	0.267406	0.552801
KSS1(YGR040W)	1.9938	0.448466	0.601273	0.426443	0.779642	2.09753	0.980775	0.317577	0.514455
KRE33(YNL132W)	58.8113	31.242	43.5841	41.6414	23.977	33.8611	23.3243	31.7498	15.0801
MIG2(YGL209W)	22.6765	22.8072	24.8126	25.4154	38.1966	21.5747	33.5122	26.0699	35.3919
RPS14A(YCR031C)	40.4528	50.7727	49.3667	46.8825	3.74312	17.2496	17.3684	63.0267	17.883
RPT1(YKL145W)	3.33901	3.15354	1.72424	1.69739	-1.96036	1.9898	2.01445	1.79426	1.56628
YGR067C	19.5497	24.6404	23.9958	26.6214	31.5498	12.8003	32.953	27.4145	30.7127
STI1(YOR027W)	15.4662	4.04964	12.5373	12.0044	-3.87013	1.59486	8.85905	0.302543	1.26918
USV1(YPL230W)	13.0344	7.32257	17.2431	17.0713	17.064	15.2538	14.4361	7.92077	7.7817
REI1(YBR267W)	15.7345	14.0305	19.1989	16.9049	-0.427568	7.3993	8.27167	7.84389	4.564
PRE10(YOR362C)	15.3089	4.50525	3.13683	2.58002	-4.60524	-4.84618	0.411465	2.71504	2.44051
RDS1(YCR106W)	12.836	8.35429	2.43379	2.60515	9.60462	0.946072	8.64715	1.17045	7.88763
TOD6(YBL054W)	6.72643	6.38242	4.47127	3.92556	3.59572	-5.41931	2.79911	4.08151	4.19846
STB2(YMR053C)	7.17603	4.86223	10.2753	10.5738	3.76952	7.52176	10.6288	4.65768	7.70862
POT1(YIL160C)	10.5185	17.9364	17.9803	18.0437	11.7962	21.2983	25.5697	14.4892	10.324
XBP1(YIL101C)	3.5593	1.32139	3.23147	2.14925	10.3289	2.22859	7.56949	6.92522	4.77085
SIP4(YJL089W)	5.67816	8.1808	7.56542	9.60333	4.83617	17.3408	7.91978	8.22354	8.68928
GTS1(YGL181W)	0.078103	0.084249	0.056407	0.033166	-0.317825	-0.022415	-0.431621	0.063565	0.140958
GRE3(YHR104W)	33.1069	11.3259	7.24594	7.66631	14.1304	7.46385	8.02976	10.7305	6.78468
GSM1(YJL103C)	1.47373	3.36967	1.33378	1.87869	0.336801	2.09774	4.90757	2.8662	1.65426
MDH1(YKL085W)	9.26735	8.39685	12.8482	12.1735	3.96018	6.08567	14.6181	10.8442	9.99394
NAM2(YLR382C)	8.41657	1.54637	1.76239	0.488605	-3.12016	-0.213055	3.88638	0.209917	3.05506
LOC1(YFR001W)	8.22909	5.05479	7.7327	7.30454	7.29624	5.11513	6.88766	4.98022	3.0204
SWI3(YJL176C)	3.63639	-6.06141	-3.25415	-2.44756	2.07984	-0.335938	-11.0922	0.132948	2.25332
TOP1(YOL006C)	2.96832	-1.18442	-0.364867	-0.901601	-2.2812	0.507548	0.045768	-1.95558	1.10675
TAF14(YPL129W)	2.97219	-1.07486	-2.60295	-2.51778	-16.2861	1.46338	-0.891104	-3.88845	2.2922
STE12(YHR084W)	3.43513	-0.010488	0.105663	0.337946	1.57804	1.80564	0.812675	1.79657	1.2815
PET309(YLR067C)	5.99552	0.858852	-0.773631	0.252319	6.87399	-1.09061	-6.21468	0.209659	3.35609
SMP1(YBR182C)	3.38014	0.90824	-0.068728	-0.471939	-0.018425	-18.428	0.139525	3.09865	0.652215
SEF1(YBL066C)	3.43058	1.11834	3.14616	1.22843	2.23786	3.52987	4.25422	1.59938	1.67314
NSR1(YGR159C)	5.46472	0.891639	2.14461	4.62595	3.65873	11.8113	10.6972	1.66484	7.66152
STP4(YDL048C)	2.56203	1.35236	2.22908	2.04688	0.417763	0.73269	0.313739	-0.60526	1.41351
YNR063W	-0.025661	-0.052879	0.086438	0.151017	0.06635	-0.069146	-0.008784	-0.267543	0.046551
YHC1(YLR298C)	-0.024989	-0.591283	0.105864	0.154293	-0.236015	0.263379	0.216788	-0.676186	0.466288
YPR196W	-1.43941	-0.675276	-0.288496	-0.664782	0.155284	-1.76489	-0.93168	-7.2e-05	0.564458
YKL222C	-0.105943	-0.432123	-0.077083	-0.07291	-0.20722	-0.497169	-0.839423	-0.884484	0.213401
YJL206C	-0.188339	0.343211	0.460611	0.471069	-1.38554	1.95782	0.790603	-0.049651	0.238527
TOS8(YGL096W)	1.59458	0.027204	0.660553	0.611909	2.24684	0.484241	0.4718	-0.467584	0.502797
TUP1(YCR084C)	1.51744	2.96951	0.44353	1.84005	2.66072	4.72602	6.00875	1.77219	2.89008
SAS3(YBL052C)	2.5606	3.43736	3.54481	3.38841	2.90709	4.20556	1.79904	3.65387	3.55781
TBS1(YBR150C)	1.69213	3.44897	-1.65199	-1.29187	-1.49571	2.21765	-0.137961	0.149341	3.048
YLR278C	-0.365408	-0.798132	-0.589869	-0.686206	-0.450239	-2.15386	-0.670413	-0.743579	0.444044
THO2(YNL139C)	1.65169	2.3359	1.43807	-14.0062	1.56449	-6.16279	-1.94532	4.7276	4.85076
UPC2(YDR213W)	1.34946	1.21112	2.22752	-2.11349	-0.48693	0.814343	2.04002	2.79621	1.70899
YER184C	0.43776	0.263242	-0.292912	-0.290805	-0.483917	-0.116331	-0.064472	0.121486	0.301175
YCS4(YLR272C)	0.487741	1.03919	-0.816658	-0.754502	1.79059	0.778864	0.845698	-0.586855	1.17727
YAP7(YOL028C)	0.463589	-1.10634	0.242111	0.282498	-0.217196	-0.354486	0.710892	-0.04951	2.02219
YLL054C	-0.755867	-0.280912	-0.594394	-0.63366	4.28941	1.59099	-0.043441	-0.918392	0.705432
YAP3(YHL009C)	0.404077	-0.350828	-0.17819	-0.156835	-2.01988	0.333411	-0.255104	-0.100847	0.39312
YCG1(YDR325W)	0.394405	-0.164508	-0.849256	-0.783686	-0.307874	-0.086887	0.105313	-0.641797	0.121909
TFB1(YDR311W)	1.25722	0.108726	-7.21893	-5.74272	-2.38918	1.72908	-7.72734	-0.115037	1.55709
RTF1(YGL244W)	2.0117	1.72141	2.179	2.33185	-3.23021	2.57517	-1.38973	-2.32003	1.75652
SUM1(YDR310C)	1.30962	-1.01703	0.14157	-0.016159	-2.46046	-8.42666	-0.843042	-2.28401	1.66528
TOA2(YKL058W)	1.12601	0.54392	0.047014	1.23814	0.057693	-0.280398	-2.31058	-2.07266	1.07829
SRD1(YCR018C)	1.78585	-1.01924	-0.219992	-0.432018	0.959292	-3.92766	-2.32241	-1.13098	0.80005
YDR266C	0.110579	0.0489	0.096162	0.172777	-5.49923	0.538087	0.478122	0.039042	0.40718
SFP1(YLR403W)	1.85566	0.801979	2.72214	2.17888	-2.12938	-1.10747	-1.8677	1.28099	4.29316
THP1(YOL072W)	1.04949	-14.6645	-2.72185	-1.12995	-5.14075	0.906797	0.875491	-42.9438	5.40924
YAF9(YNL107W)	0.158213	-1.95868	0.502526	0.569286	1.90185	0.753938	0.649972	-0.573226	0.698555
TFB3(YDR460W)	1.03161	4.24747	-0.532782	1.35596	-1.69659	2.03748	-4.06614	0.611044	2.62919
RPT6(YGL048C)	1.79506	-1.34516	0.492279	0.298918	-2.48329	-0.59391	-2.11767	-0.983943	0.986855
THI2(YBR240C)	0.957056	-1.81714	0.886487	-0.318713	-0.584823	-0.264816	-0.215516	0.506581	0.992177
RVB1(YDR190C)	1.71752	1.27377	2.50149	2.56688	0.955459	1.89936	3.06197	1.95217	1.2919
SIN4(YNL236W)	1.66752	1.26266	-1.39067	-1.43465	-2.66088	0.691428	0.147444	-0.991732	0.77042
TFG2(YGR005C)	0.879998	0.697347	0.722157	0.273176	0.200432	-0.142017	0.416753	-0.342769	0.773375
VMS1(YDR049W)	0.191256	0.411108	0.267896	0.190681	-0.753491	-1.65211	-0.0098	1.27296	0.442136
YAP6(YDR259C)	-0.221614	-0.061753	-0.601241	-0.772356	-0.335687	-1.78647	0.108172	0.626024	1.46418
RSC9(YML127W)	1.5595	0.127952	1.39174	2.02827	0.216158	2.83348	-4.50752	0.058237	3.50803
SWC3(YAL011W)	0.907739	-0.803973	0.198428	-0.376349	-0.150117	-2.93262	-0.506151	-0.768461	0.980092
YAP5(YIR018W)	-0.35072	-0.56776	-0.217422	-0.30116	-1.97602	-1.06473	-1.07546	1.32733	0.395113
UGA3(YDL170W)	0.3759	-5.90281	0.189008	0.126573	0.293053	0.546833	-0.709325	-1.3119	3.71655
TYE7(YOR344C)	0.372653	0.047277	-2.62977	-2.02821	-0.440777	0.380228	0.576482	-2.05755	2.30737
UME1(YPL139C)	0.364821	0.619083	-1.61525	-1.36091	0.001687	-1.12572	-0.208201	-0.120365	0.751787
UME6(YDR207C)	0.354615	-0.124325	1.01102	0.500469	0.536816	0.92231	0.774221	-0.517769	0.972021
SMD3(YLR147C)	1.30383	-1.05699	5.35608	5.74908	2.19732	1.45687	-1.20195	-3.09374	2.47174
ULS1(YOR191W)	0.297915	0.329855	-0.532463	-1.39642	-0.318244	1.59912	0.964182	-0.222423	0.479434
SPT10(YJL127C)	1.21897	0.458171	-0.081699	0.005247	0.782878	0.001426	-0.332468	-0.217832	0.701644
STP3(YLR375W)	0.860779	1.45357	0.003973	0.178732	0.596749	-0.656314	0.198206	-0.847388	0.861978
URC2(YDR520C)	0.18286	-0.28285	-0.098083	-0.834615	-6.40289	-10.1799	0.104941	-2.13971	0.433022
TEC1(YBR083W)	0.540534	0.472557	-0.588033	-0.163444	1.39044	1.23052	-2.37857	-0.478156	1.33329
YER064C	-0.990261	-0.482936	-0.560694	-0.497309	-0.334367	-0.163503	0.438794	-3.21108	0.266281
UBP3(YER151C)	0.126416	0.962733	-0.112978	0.185275	0.81805	0.119553	0.388019	-0.553555	0.340082
URE2(YNL229C)	-0.066464	-0.05821	0.149978	-0.540853	0.143401	-3.12778	-1.38542	0.202818	0.968649
SSL1(YLR005W)	0.969928	-2.25785	-2.51731	-2.00883	-3.58632	-8.78814	-6.46614	-0.048978	2.1068
STB3(YDR169C)	0.860136	0.882987	1.23532	1.14972	-1.98719	0.236801	0.48378	0.772916	0.663499
SWI6(YLR182W)	0.43584	-0.312204	-0.308119	-0.277403	-0.465878	-0.618919	-0.274432	-0.317949	0.168552
WAR1(YML076C)	-0.576897	-0.929271	-0.293183	-0.423243	0.036432	-0.661834	-0.123176	-1.2915	0.164345
YFL052W	-1.52337	-1.89441	-2.71207	-2.32172	-5.91715	-2.1846	-1.99872	-2.15216	5.65198
TFA1(YKL028W)	0.280466	0.567266	0.375476	0.494428	1.12243	0.762765	0.277818	0.08911	1.27846
TFC6(YDR362C)	0.163026	0.391677	-0.155919	-0.04519	0.722353	-0.382886	-0.263288	0.082531	0.259968
TFC8(YPL007C)	0.131209	-0.458221	-0.657345	-0.679226	0.792734	0.519749	-0.60647	-0.19739	0.402927
UBP8(YMR223W)	-0.247383	-0.026311	0.519393	0.56787	0.692837	-0.407599	0.361042	0.136518	0.136084
SWI4(YER111C)	0.277636	-0.227216	-0.403861	-0.251418	0.919366	0.233564	0.071654	-2.52627	1.09099
TAF8(YML114C)	0.129185	0.154378	0.654308	0.545241	-0.197226	-0.208847	0.729278	0.008314	0.867059
TAF13(YML098W)	0.14789	-0.898102	-0.626623	-1.65992	1.90842	-51.6593	-3.70729	-2.96501	1.45166
TBF1(YPL128C)	0.107344	-2.92991	2.0133	0.714375	-4.39767	-0.568462	0.207883	2.28105	0.967259
VHR1(YIL056W)	-0.927643	0.539273	-1.19402	-0.72872	0.123067	0.172705	-1.64642	0.445597	0.627955
YER130C	-2.16727	-0.123676	0.743172	0.630302	-5.94614	-1.08658	-0.931744	-0.192204	0.876949
SPT2(YER161C)	0.609547	-1.9919	0.669545	0.251504	-1.13709	-0.346823	0.659003	-0.233429	1.0443
RSC30(YHR056C)	0.796901	0.004083	1.0695	0.889914	0.500405	1.30998	1.0301	0.597396	0.588727
SPT7(YBR081C)	0.567333	0.371706	0.414922	0.544987	0.694989	-0.149309	0.54746	-0.450119	0.588442
SSD1(YDR293C)	0.480215	1.10439	3.70592	3.49883	0.793408	3.28248	2.46217	1.06137	2.49854
TFC7(YOR110W)	-0.241057	-7.11951	-1.0153	-2.41931	-2.06978	-0.19354	-3.68223	-0.702353	0.809222
SPT20(YOL148C)	0.44571	-0.159119	-0.193967	0.794154	2.57198	3.59099	2.53729	-2.08339	2.99934
SKO1(YNL167C)	0.502076	-0.753924	-0.064484	0.274965	0.24535	0.401713	-0.771582	-1.87492	0.490892
MTH1(YDR277C)	1.62234	-1.57136	-1.08622	-0.777207	-4.77054	-3.09674	-5.78087	-0.832021	1.15736
RPD3(YNL330C)	0.990577	-1.17765	-1.31429	-5.09311	-4.13695	-3.64074	-1.15977	0.285795	1.45803
SSN3(YPL042C)	0.325171	-1.76174	-0.324646	-0.068197	0.813486	0.063498	0.013858	-0.811091	0.453829
SNP1(YIL061C)	0.380482	-0.983408	-1.55284	0.707098	-12.7645	-1.43196	3.94344	4.82202	15.9284
SNF11(YDR073W)	0.376315	0.172889	0.39067	0.50606	1.09023	0.486096	0.729073	0.876077	0.780832
SUT2(YPR009W)	-0.150954	1.17342	1.0142	1.30457	0.162961	2.50693	2.71221	1.37856	1.05106
SOK2(YMR016C)	0.33022	0.887174	-0.553867	-0.33757	-0.059252	-1.51376	-2.56331	0.04282	0.514352
TIF4632(YGL049C)	-0.638692	-0.367394	-1.09405	-0.95435	1.25537	0.449335	0.74912	-0.352709	0.718455
SKN7(YHR206W)	0.37425	-0.258916	-0.267977	-0.400142	1.00449	-1.00266	-1.58995	0.104879	0.484674
SSN2(YDR443C)	0.225694	-0.230358	-0.323907	-0.296688	-0.201638	-0.242602	-0.280363	0.001763	0.233791
SAS4(YDR181C)	0.440318	0.597951	0.062577	0.3835	-0.482288	0.537549	-0.311794	1.31159	0.904854
SPT8(YLR055C)	0.241936	0.075536	0.277335	0.280759	1.72635	0.458129	0.318342	0.078881	0.283601
SNU56(YDR240C)	0.283357	0.393937	0.072466	0.049532	0.390592	0.237599	-0.112077	0.229022	0.24062
SRB5(YGR104C)	0.231987	-8.1204	-1.21385	-1.24901	-1.03148	-12.3474	-4.22718	1.51112	1.18582
SFL1(YOR140W)	0.374124	-0.094139	-0.908209	-1.48198	0.239297	-0.457303	-0.509774	-0.914656	0.367309
SPT23(YKL020C)	0.206165	-1.32005	-0.89686	-0.625648	0.217625	2.78002	1.64825	-7.7865	1.72389
RVB2(YPL235W)	0.409322	-0.927202	0.532398	-0.159837	-4.00441	-1.33248	-3.17804	0.211237	1.24732
SDS3(YIL084C)	0.386968	0.347474	0.486289	0.440792	0.087077	0.126858	0.143998	0.700531	0.246311
RIC1(YLR039C)	0.805991	0.201452	-0.000566	0.009289	0.199661	-0.443154	-0.210957	-0.180723	0.427836
TAF3(YPL011C)	-0.503778	-1.61803	-1.8156	-1.24199	-0.037541	-5.75905	-2.42256	-0.578025	0.958715
SET2(YJL168C)	0.316131	0.833351	-10.2975	-7.08892	-40.8817	-0.332362	-11.3096	-5.64557	5.72062
SPT16(YGL207W)	0.154914	-0.156379	-0.517819	-0.655219	-0.217417	-0.018174	-1.22714	0.315445	0.972015
STP1(YDR463W)	-0.231604	-0.860932	-0.593495	-0.425514	0.08909	-1.00233	0.377934	-1.15985	0.904524
RSC1(YGR056W)	0.388572	0.53137	0.609919	0.64722	0.958685	-0.265239	0.368913	-0.488254	0.786267
RTT109(YLL002W)	0.345954	-0.498776	0.476492	0.020647	0.113548	0.218751	-0.286423	-0.181209	0.19467
STP2(YHR006W)	-0.23789	-0.088814	0.368662	0.394434	0.466498	-2.65369	0.446272	0.297176	0.315955
SWR1(YDR334W)	-0.538039	0.165347	-3.41354	-3.55511	-1.62221	-9.61402	-6.7107	-0.792736	0.985267
STB5(YHR178W)	-0.082087	1.44716	0.103824	-0.218826	0.324043	1.30378	2.23651	1.98352	2.06725
STO1(YMR125W)	-0.317762	-1.14155	0.913931	0.760549	1.32592	1.55447	-1.40442	1.14514	0.759708
SPN1(YPR133C)	0.05613	0.805868	0.389263	-0.248648	-1.52482	-2.63075	-1.70045	-0.09342	1.2226
SMK1(YPR054W)	0.090765	0.018165	-0.013218	-0.041077	0.088516	-0.116408	0.087264	-0.054953	0.022002
STB1(YNL309W)	-0.044604	-0.154393	-0.143456	-0.231179	-2.63985	0.218656	0.042272	-0.022494	0.137355
SNF7(YLR025W)	0.032126	0.738882	-0.251416	0.124744	0.54021	2.18455	-0.827932	1.10861	1.04444
SNT2(YGL131C)	0.023445	-0.179773	-0.230089	-0.352928	0.244998	-0.23921	-0.560973	-0.830589	0.196689
SIR3(YLR442C)	0.076994	-0.880159	-0.584694	-0.562246	-0.229246	-0.000683	0.09661	-0.750336	0.278315
POP2(YNR052C)	0.984396	-2.0839	-3.15264	-2.43566	-0.92236	-12.2622	-2.91209	1.06294	1.69716
SNF2(YOR290C)	-0.002753	-1.32689	0.409902	0.312874	0.361944	-2.22966	-0.223911	-1.46849	1.45718
SCD6(YPR129W)	0.104888	-3.786	-1.58151	-2.37224	-1.89948	-4.23555	-5.50489	-2.64111	0.905907
KIN28(YDL108W)	1.62163	3.6065	-16.1865	-12.143	1.53657	-9.68855	-6.38204	-2.49939	7.82759
MATALPHA2(YCR039C)	1.29449	1.45444	0.772171	0.945917	4.39357	-1.9198	-1.28755	1.19378	1.49322
SRB2(YHR041C)	-0.161799	-0.248934	-1.03502	-1.14413	-0.478823	0.237118	-0.100612	1.3846	0.651294
RAD51(YER095W)	0.686436	-0.2526	0.640336	0.493036	-0.758808	0.243262	-0.053045	0.289083	0.34519
MSN4(YKL062W)	1.03464	-3.8744	2.61815	3.04958	0.063194	4.22137	6.46555	2.53882	2.67423
PET54(YGR222W)	0.879776	0.378862	0.169737	0.126705	-2.56255	-1.11696	-0.566181	-1.10171	0.875032
ORC1(YML065W)	0.898849	-0.244806	-2.36782	-1.89395	1.54564	-0.851881	0.009588	-0.759998	0.598851
MGA2(YIR033W)	1.13839	0.391739	0.253573	0.963792	0.890425	-0.327658	-0.67625	2.57302	1.36188
ADR1(YDR216W)	1.83504	1.18523	1.09308	1.21643	-0.75767	4.02847	1.948	0.477167	1.94398
CDC73(YLR418C)	1.75538	-0.784426	0.562713	1.04565	2.76041	1.98585	-0.386592	1.27599	2.27238
HSP60(YLR259C)	1.52634	3.49227	-7.62962	-4.91005	5.20091	4.64588	6.38068	6.20048	6.97114
GCN4(YEL009C)	1.62654	0.017832	3.2496	3.21522	-1.21136	3.37743	-0.063609	3.64205	2.57688
CAF130(YGR134W)	1.65825	0.876966	2.01626	-12.421	-0.898974	-2.4881	1.7506	1.70929	1.29305
CTR9(YOL145C)	1.59707	-3.03669	-1.10439	-1.41969	0.584465	-14.4982	0.444697	-6.14597	0.769819
RAD10(YML095C)	0.472204	0.659647	0.173861	0.300166	0.162181	0.3377	-0.039895	1.22626	0.131977
PRI2(YKL045W)	0.464748	0.577327	1.1626	1.00069	0.734187	1.09355	0.372518	0.75135	1.57445
LEU3(YLR451W)	1.03765	0.051288	0.270809	0.373177	-0.411083	-0.361854	0.266302	1.1067	0.331771
OPI1(YHL020C)	0.655115	0.347606	0.62703	0.477712	0.348625	-0.500146	1.05577	1.73656	0.814539
RIF1(YBR275C)	0.200452	0.156107	0.172751	-0.162675	0.327709	0.31231	-0.932773	0.308391	0.246658
PET494(YNR045W)	0.599821	-0.154814	-0.696616	-0.887699	-0.299746	-0.886205	-0.862635	-1.40525	1.43747
LAP3(YNL239W)	0.988558	-0.540339	-0.1146	-0.674916	-3.76924	-2.96996	-0.326098	-1.1125	0.691919
NRG2(YBR066C)	0.622834	-0.83588	0.178817	0.026102	1.11223	-2.55821	0.134674	-0.519584	1.05246
MCM1(YMR043W)	0.927819	0.133266	0.331188	0.451259	-1.65081	0.02329	2.36216	0.419585	0.499724
ARG5%2C6(YER069W)	1.52673	1.45293	-1.68533	-1.04661	0.124854	1.92405	2.27027	-0.383319	2.60981
CTI6(YPL181W)	1.441	-5.18093	-0.224692	0.07024	3.6041	0.014347	-1.89503	-2.22275	1.43727
PCF11(YDR228C)	0.55574	-4.00013	-1.9257	-1.05311	-1.2306	-0.195504	-3.56132	-2.00028	0.684713
MED2(YDL005C)	0.836134	-0.29457	0.374823	0.296909	0.232326	-0.240797	0.210859	0.089081	0.154835
HFI1(YPL254W)	1.22757	0.085025	0.822354	0.935248	1.97584	1.28814	0.213131	0.348183	1.74839
BRE1(YDL074C)	1.44912	0.731163	1.04862	0.702011	0.133095	-2.70567	-0.389689	-2.04147	1.69362
HMRA2(YCR096C)	1.16051	-1.59852	0.43778	0.244731	2.09327	2.27562	1.83027	-0.653813	1.18044
HAP3(YBL021C)	1.16239	0.77308	-0.281445	0.444494	0.112177	-0.866685	1.73466	0.255871	1.52818
CST6(YIL036W)	1.33773	-0.423834	0.649785	0.609438	-1.33831	-0.520551	0.478171	0.716764	0.820658
NHP10(YDL002C)	0.493801	0.153187	0.025237	0.111881	0.523321	1.26074	0.120379	0.115892	0.095354
MET4(YNL103W)	0.704263	0.447639	0.064672	0.086867	-0.839732	0.769899	-0.183479	-0.151883	0.057194
NGG1(YDR176W)	0.485574	0.219191	0.514657	0.402249	0.918718	0.556693	0.918914	0.201061	0.478665
RCO1(YMR075W)	0.141677	-0.300163	0.339427	0.235106	1.60708	0.991031	-0.271669	0.059982	0.412699
HOS2(YGL194C)	1.04637	1.52695	0.89911	0.654547	0.414814	0.629582	-0.048971	-0.157611	0.798641
RMI1(YPL024W)	-0.096552	-0.124018	-0.346405	-0.361062	-0.009688	-0.450593	-0.172561	-0.338942	0.253104
PHO4(YFR034C)	0.326141	-0.257352	-0.041215	-0.300631	0.744587	-1.42837	0.054382	0.028695	0.279021
HST3(YOR025W)	0.992451	0.32321	-0.611889	-0.531013	-4.61463	-0.822855	-0.489489	-0.892802	0.304195
MOT1(YPL082C)	0.475046	-0.488082	-1.15341	-0.925654	-0.420827	-0.549428	-0.709762	-0.020236	0.264544
CTK1(YKL139W)	1.1826	0.820681	1.21796	1.23554	-1.69626	-0.695035	1.07424	0.457824	0.792333
HMLALPHA2(YCL067C)	0.976947	1.71795	0.131445	0.294942	-0.123511	0.127379	3.69665	0.861634	1.8592
HTB1(YDR224C)	0.948171	4.48658	1.67401	1.52674	-1.14367	-0.76179	-2.76886	2.87494	2.19251
HPA3(YEL066W)	0.946411	0.874653	0.745672	0.630803	2.08117	-0.052221	1.24996	1.16208	0.844423
JHD2(YJR119C)	0.864404	0.020548	0.141088	0.19437	1.31527	0.496848	0.105118	1.03616	0.855984
EDS1(YBR033W)	1.03715	1.65449	2.46029	1.66376	2.21512	2.74522	3.46713	2.27896	4.79976
MET31(YPL038W)	0.459857	0.20271	0.192957	0.318105	-0.112127	0.254377	0.460595	0.555281	0.17966
NUP53(YMR153W)	0.148973	0.084369	0.015266	0.046637	-0.126739	0.193678	0.066334	0.011181	0.033987
PBP2(YBR233W)	0.131243	0.258837	-0.144258	0.02779	-0.298158	0.214251	0.266811	0.475665	0.13937
MET28(YIR017C)	0.391611	-3.98813	-7.46565	-8.32764	-1.83027	-0.820201	0.186087	10.9667	2.44696
BDF1(YLR399C)	1.04308	-0.845741	-1.31846	-1.16933	-1.07959	-2.48994	-0.651464	0.57914	1.37678
MCM10(YIL150C)	0.431337	0.584143	0.2753	0.300016	0.935716	0.12043	-0.11441	1.1189	0.564851
MAC1(YMR021C)	0.435265	0.285445	0.053039	0.172413	-1.3136	0.436456	0.735946	0.289188	0.352221
ASK10(YGR097W)	1.0297	-0.172835	-0.295639	0.372596	-0.03912	0.039071	1.23217	-0.802004	0.596116
EPL1(YFL024C)	0.914713	0.383044	0.270759	0.272144	-0.461688	-0.672978	-0.060136	0.633033	0.427904
DHH1(YDL160C)	0.926631	3.41239	2.93991	2.68988	2.31828	0.37595	-0.482005	-2.78358	5.03369
HAP2(YGL237C)	0.733301	0.189112	-0.029917	-0.014071	2.49736	0.631836	0.568887	0.245117	0.376281
HMS1(YOR032C)	0.673483	-0.561498	-0.781586	-0.47961	0.152194	-1.64148	-0.800992	0.270076	0.453145
DPB2(YPR175W)	0.857834	0.017742	-0.333405	-0.247653	2.1079	-5.59202	-18.5218	-0.239983	2.21095
HAP5(YOR358W)	0.688799	0.276549	-1.34102	-1.10308	-0.043027	0.716295	-0.36437	0.500392	0.954831
GAL3(YDR009W)	0.832144	2.50691	1.40482	1.03666	-0.43092	2.80891	1.5533	-0.488341	1.61046
HDA1(YNL021W)	0.660736	0.351203	-5.01118	-3.52772	-2.01266	0.896322	0.716138	0.417568	1.32072
ARO80(YDR421W)	0.91298	-0.838624	-0.606703	-0.607154	1.4401	-0.479494	-0.094047	-1.19401	1.00262
MIG3(YER028C)	0.110388	0.083363	0.454468	0.512034	-0.073018	0.340709	-0.453775	0.956523	0.335011
ISW1(YBR245C)	0.569478	-1.44805	-1.68187	-2.69138	-1.27691	-6.08973	-1.18844	-0.356944	1.54678
FKH2(YNL068C)	0.773106	-0.308253	-2.02696	-1.45398	1.73791	-0.839077	-1.00339	0.166751	1.56695
ARC15(YIL062C)	0.85452	0.005908	-0.105064	0.059315	-2.16071	0.382171	-0.355047	0.159015	0.339488
HEK2(YBL032W)	0.576702	0.35418	-0.27512	-0.055244	0.262491	1.03771	0.579437	-0.879053	1.47296
GUF1(YLR289W)	0.573186	-0.580619	0.243337	0.335631	-0.164631	0.482385	0.641279	0.438998	0.571101
ARF3(YOR094W)	0.784946	-0.120327	0.377606	0.458903	-0.337644	0.949808	0.838097	0.009716	0.579789
IRR1(YIL026C)	0.429523	0.766056	0.450496	0.501078	0.369451	0.666248	-0.13936	1.4796	0.730036
MED4(YOR174W)	0.111132	0.128886	0.174225	0.085374	-0.322384	-0.453239	0.152446	0.558105	0.267736
MIG1(YGL035C)	0.039002	-0.103699	-0.320465	-0.570503	-0.425572	-0.181704	-0.903281	0.160067	0.273136
HRP1(YOL123W)	0.459146	-1.96008	-1.85925	-2.38739	2.87517	-2.18903	-0.284866	-3.31234	1.4311
HIR3(YJR140C)	0.457906	-0.44932	-0.82031	-0.849	-0.742957	-0.909868	-1.35285	0.370204	0.325721
PDR1(YGL013C)	-0.251776	-0.375426	-0.406204	-0.080917	0.385822	1.3329	-0.073797	-0.552857	0.337964
GCN5(YGR252W)	0.589776	-1.09376	-3.3784	-2.76274	-2.51861	0.836126	-4.22455	0.137299	1.38899
HCM1(YCR065W)	0.443265	0.365314	0.41744	1.3306	1.82925	0.615677	2.06364	0.770979	2.51909
ADA2(YDR448W)	0.723757	0.175329	0.012998	0.039438	-0.771291	0.552031	0.623358	-0.067311	0.394343
DAL81(YIR023W)	0.618872	-0.850973	-0.298967	-0.175043	0.04924	-0.346806	-0.59005	-0.197843	0.225946
CHD1(YER164W)	0.637761	0.046899	0.000496	-0.125575	0.213345	-0.009906	-0.129166	0.066858	0.292655
ASG1(YIL130W)	0.707192	0.940519	-0.041614	0.207693	-2.04317	-0.501388	-0.02452	0.997957	0.785092
DCP1(YOL149W)	0.578528	0.466847	0.280786	0.299581	1.36957	0.141303	-1.16128	-8.23256	1.39779
CHA4(YLR098C)	0.549642	-0.918249	-1.311	-1.1335	2.51493	-2.65411	1.29569	0.24039	1.48581
BRF1(YGR246C)	0.608595	0.520233	0.861417	0.964285	-0.270843	0.695054	0.542392	0.677846	0.83331
FYV5(YCL058C)	0.485968	0.369336	0.367133	0.771255	-0.442034	-0.556226	-0.831176	-0.114878	0.611439
BUR6(YER159C)	0.578417	0.155578	0.240162	0.42995	-1.00404	1.34663	-1.50671	1.22613	0.95084
CAC2(YML102W)	0.548199	-0.898863	0.149452	0.327382	0.897924	-0.629055	-0.403324	-0.385711	1.22795
HPA2(YPR193C)	0.256261	1.25864	-0.324537	0.166853	2.04901	2.78871	1.42815	-0.044703	3.76753
ERT1(YBR239C)	0.429099	-0.225128	-0.6508	-0.582713	-1.22414	0.254028	-1.11782	-0.618353	0.563116
DAL82(YNL314W)	0.448573	1.74325	-0.62086	-0.597319	-2.15182	-0.614584	-1.49715	0.06251	2.06278
GAL80(YML051W)	0.401326	-0.639673	1.18801	0.916147	2.79396	-0.574039	1.59614	0.379913	1.63911
ARG81(YML099C)	0.52589	0.698221	0.315929	-0.041061	0.479934	0.624248	0.649282	0.833828	0.809363
AFT1(YGL071W)	0.528815	-0.298849	-1.38971	-3.60702	2.32118	3.93929	-2.23305	-5.28855	2.09388
HIF1(YLL022C)	0.216986	1.27613	1.12595	1.08226	2.5311	-0.413063	0.493835	-0.543835	0.342571
CDC39(YCR093W)	0.433599	0.212559	-0.213305	-0.085233	0.726772	0.631497	0.539215	0.510941	0.68751
GCR2(YNL199C)	0.352223	-0.177412	-0.479449	-0.441312	-1.24251	-0.431659	-0.635048	-0.674214	0.273446
ARR1(YPR199C)	0.504483	-0.78201	-0.11927	0.290284	-0.273732	1.70377	-0.251677	0.322693	2.96809
GAT4(YIR013C)	0.346542	-0.406056	-0.090336	-0.433405	0.637516	-0.093111	0.191813	0.354963	0.186541
DAT1(YML113W)	0.381892	0.806444	0.702094	0.708371	1.16761	0.236398	0.095587	0.074884	0.460429
CHZ1(YER030W)	0.400384	-2.43191	1.08807	1.25046	2.21376	0.616131	0.350629	2.39924	2.51354
HMO1(YDR174W)	0.170234	0.533634	0.256874	0.009767	-0.88071	0.261466	0.631909	1.7387	0.436831
HSH155(YMR288W)	0.149816	0.278209	0.764652	0.611115	-0.914815	0.568311	0.43236	-1.54548	0.256085
HAC1(YFL031W)	0.218315	-1.38463	0.942848	1.07459	2.09101	1.44298	2.67298	0.133203	1.81885
JHD1(YER051W)	0.074233	-0.895718	0.025116	0.020279	0.542068	-0.342077	-0.077835	-0.15369	0.122723
JSN1(YJR091C)	0.067988	-0.080033	-0.213592	-0.021184	-0.702126	0.799945	0.208027	-0.103005	0.408642
HHT2(YNL031C)	0.137007	-0.526374	-0.086559	-0.045648	0.372846	-0.457513	0.005953	-0.570173	0.47304
FCP1(YMR277W)	0.284361	-0.384607	0.586756	0.571437	-1.17882	0.138162	-1.50325	-1.16152	0.688803
FLO8(YER109C)	0.274249	-0.631679	0.039039	0.103698	0.418701	0.027755	0.399147	0.794221	0.555016
HST1(YOL068C)	0.054264	0.044526	0.144668	0.102328	0.097099	0.10338	-0.082595	0.143979	0.024131
DOT1(YDR440W)	0.299537	0.128577	0.873369	0.66123	1.43602	-0.366087	1.218	0.553069	0.433691
ESS1(YJR017C)	0.276305	-0.392047	0.193117	-0.025881	-2.27627	-0.459188	-0.279619	-1.87968	0.510992
IOC4(YMR044W)	-0.008153	0.065685	0.232211	0.431719	-1.19046	1.30322	0.66323	0.362909	0.678115
CAF4(YKR036C)	0.350804	0.180035	-0.244069	-0.325261	-0.377527	0.166223	-0.874109	0.339486	0.356694
IME4(YGL192W)	-0.0399	0.012049	-0.061488	-0.06848	0.808782	0.913567	0.060549	0.151507	0.103343
ASH1(YKL185W)	0.336416	-4.78166	-3.84989	-3.07893	-0.929829	-0.916329	-1.92556	1.49852	1.34427
HAL9(YOL089C)	0.065397	-2.53791	-0.050318	0.015904	1.35737	-3.65182	-5.98769	-5.60943	3.03264
DCP2(YNL118C)	0.202596	-0.01081	0.002643	0.005	-0.06643	0.156574	0.004667	0.111185	0.031368
HMS2(YJR147W)	-0.029263	-1.68424	1.68733	1.65672	0.068457	1.97805	4.3986	1.92402	3.3265
ASM4(YDL088C)	0.299221	-1.63772	-4.74682	-3.97072	-0.534122	0.520838	-0.948837	-0.081828	0.783001
CRZ1(YNL027W)	0.205783	0.23348	0.390211	0.339553	0.158326	-0.313728	-0.527604	0.704206	0.288292
HAA1(YPR008W)	0.012536	0.093942	0.007385	-0.050267	0.018304	-0.302996	-0.146556	0.031485	0.110783
FHL1(YPR104C)	0.118071	-0.490506	0.123543	0.135356	1.0371	-0.267203	0.009458	-0.063443	0.214157
HST4(YDR191W)	-0.130444	-0.105837	0.147165	-0.18865	0.190752	-0.769776	0.311423	-0.139832	0.288324
EAF3(YPR023C)	0.112972	-0.516764	0.667263	1.04957	-2.29994	1.73618	1.80289	-0.139056	1.3154
GAL11(YOL051W)	0.084552	0.034433	-2.98355	-2.05375	3.50146	-4.95125	0.80929	-1.0568	1.05679
IOC2(YLR095C)	-0.189035	-0.526143	0.176326	0.473585	2.04397	1.30034	-0.135886	0.433068	0.825261
GIS1(YDR096W)	0.018521	2.07861	1.56893	2.03779	0.581334	2.33819	1.90916	1.98129	1.58544
IME1(YJR094C)	-0.214293	0.150337	0.142473	0.138955	0.021201	-0.011565	0.148527	-1.23585	0.411837
EST1(YLR233C)	0.052088	-0.153385	-0.514115	-0.325883	-0.203747	-0.235939	-1.09714	-0.174268	0.411325
EDC1(YGL222C)	0.065745	0.020877	-0.165797	-0.1239	0.312182	0.761265	0.167047	0.033267	0.328793
HAT1(YPL001W)	-0.136025	-0.151464	0.020221	0.107116	0.296751	0.181162	0.154742	0.137307	0.103416
HIR1(YBL008W)	-0.178705	0.423751	-1.07964	-2.13243	-1.14453	0.902305	0.285274	-1.4767	0.889846
ESC2(YDR363W)	0.02256	-0.360324	-0.428516	-0.424315	-0.576278	0.09765	-0.197531	0.679251	0.255977
ASF1(YJL115W)	0.154018	-0.914541	-0.322279	-0.304669	0.94355	-0.012825	-0.742614	-1.38813	0.430239
DFR1(YOR236W)	0.027457	0.134102	-0.040095	0.02815	1.08577	0.093968	-1.26952	0.229008	0.546972
CAF20(YOR276W)	0.107338	-0.206231	1.67794	1.3296	2.37386	-0.246436	0.433548	1.02551	0.728295
CEP3(YMR168C)	0.016864	-0.745254	0.331772	0.234834	-0.066711	-0.222843	-0.22976	0.021349	0.223053
FZF1(YGL254W)	-0.060455	0.136253	0.147376	0.273377	0.068144	0.342325	0.117305	0.500638	0.192418
BDF2(YDL070W)	0.080877	1.2161	1.56588	1.35713	1.14695	0.5734	-1.37059	-0.437214	1.59512
AZF1(YOR113W)	0.076205	0.236245	0.069943	0.175309	0.54657	0.295069	-0.024794	-0.380913	0.23945
ECM22(YLR228C)	-0.074569	-0.839033	-0.558985	-0.538907	0.897761	-0.978605	1.61836	0.323539	1.10544
DOT6(YER088C)	-0.080835	-1.33785	-3.91975	-3.62204	-4.52152	-12.4169	-12.8005	-8.55262	2.292
AFT2(YPL202C)	0.060085	0.102532	0.400002	0.384533	0.93879	0.804839	-0.312866	0.046452	0.149679
DMC1(YER179W)	-0.093577	-0.167549	0.216482	-0.010349	0.096976	0.014662	-0.008938	0.772996	0.472316
CBS1(YDL069C)	-0.130977	-0.426157	-0.749627	-0.697216	-0.159532	0.061075	-0.267822	0.08881	0.466151
Dummy57	-999	-999	-999	-999	-999	-999	-999	-999	-999
